TobiiStream v2.0.3

SUCCESS: The connection to the GazeTrack Processing library has been correctly set up!

TobiiState Present
TobiiStream 587683010.6264 611.488102019659 292.355640017731
TobiiStream 587683036.1802 624.594183657787 288.687733177818
TobiiStream 587683043.5773 632.31461188202 280.829694074211
TobiiStream 587683054.2314 634.351136985944 285.57406512326
TobiiStream 587683067.7554 666.453507011006 286.01298667114
TobiiStream 587683076.3493 675.902075956723 284.943316270359
TobiiStream 587683086.3451 663.835893544159 281.809541094503
TobiiStream 587683098.4333 637.239644306833 304.116417882699
TobiiStream 587683132.1046 716.213799951548 326.407934575344
TobiiStream 587683144.4208 891.101749879761 299.038336936215
TobiiStream 587683153.7782 925.623599765661 283.235848278367
TobiiStream 587683165.9809 960.597253116446 263.632152642174
TobiiStream 587683177.4766 1173.45410069204 226.059231646107
TobiiStream 587683190.4381 1195.05741543199 224.594697844656
TobiiStream 587683199.4233 1107.12950645523 241.136207966478
TobiiStream 587683210.6931 1125.47319400673 216.224423609186
TobiiStream 587683221.3799 1184.28591287966 221.309846657683
TobiiStream 587683236.7565 1224.07289839319 225.576049264852
TobiiStream 587683243.6317 1271.81483978271 231.074442580404
TobiiStream 587683268.0855 1271.75372783874 227.240433140793
TobiiStream 587683276.6513 1279.60116380745 218.548557664646
TobiiStream 587683287.4992 1275.73248290963 209.813779250722
TobiiStream 587683299.2179 1277.95808172987 210.340837752796
TobiiStream 587683314.3021 1277.7569019791 209.697736673316
TobiiStream 587683320.6758 1275.81591764385 210.443606290733
TobiiStream 587683332.6649 1278.24214669 203.604391840794
TobiiStream 587683346.2651 1279.55258611244 198.907020387059
TobiiStream 587683354.0986 1281.80981369978 184.757257430029
TobiiStream 587683365.8809 1283.05635717671 177.937033470274
TobiiStream 587683378.303 1282.76220541574 174.969966398634
TobiiStream 587683387.2074 1281.2387027644 167.550822650761
TobiiStream 587683399.177 1279.26605574299 163.549993287741
TobiiStream 587683424.8347 1279.66303286957 165.97335584001
TobiiStream 587683432.6111 1334.55655853562 157.249128942756
TobiiStream 587683443.3031 1333.16676949133 159.533998222436
TobiiStream 587683455.4273 1376.3914015624 136.993889674561
TobiiStream 587683465.3986 1373.863347444 137.444738534746
TobiiStream 587683476.8678 1373.20567946907 147.808689761136
TobiiStream 587683487.5501 1375.31904327539 147.575022817695
TobiiStream 587683498.6351 1377.37289165053 147.446606438496
TobiiStream 587683510.1411 1384.74591054226 148.980792855505
TobiiStream 587683534.6588 1410.92690820131 168.233849093896
TobiiStream 587683543.2329 1445.4240238485 193.419723012642
TobiiStream 587683553.7189 1462.19638409093 215.570092720209
TobiiStream 587683565.6211 1447.30421571388 202.300591976199
TobiiStream 587683580.8178 1458.61923650906 219.950031477332
TobiiStream 587683587.1105 1313.71757476602 227.228852269773
TobiiStream 587683598.6113 1205.25589101318 229.692775533678
TobiiStream 587683612.4322 1126.84133616568 229.662754389432
TobiiStream 587683620.0946 1081.07316441388 234.306381951996
TobiiStream 587683632.2289 1025.02233790138 240.016154794271
TobiiStream 587683658.7293 883.841296857421 270.232016762959
TobiiStream 587683665.5835 667.819167602559 303.655691644019
TobiiStream 587683676.3479 530.778929197252 316.07011552392
TobiiStream 587683690.6618 215.85157324526 321.227926901749
TobiiStream 587683699.1119 60.9621695140155 104.406941602678
TobiiStream 587683710.2676 158.68142943562 251.618317903387
TobiiStream 587683721.8556 187.878346391551 250.504410874308
TobiiStream 587683732.2899 188.224711909186 252.587167802383
TobiiStream 587683743.6911 195.238518189223 261.452775538487
TobiiStream 587683768.321 167.519527874776 250.067437541256
TobiiStream 587683776.9387 132.990843661727 247.342494041432
TobiiStream 587683787.0318 120.765884916663 242.981033901931
TobiiStream 587683800.2799 64.2138193810394 250.881902649042
TobiiStream 587683810.1672 47.1274906632474 264.867348055822
TobiiStream 587683820.7663 46.1558100348961 263.450105627803
TobiiStream 587683846.7757 56.6490273652667 274.285106622697
TobiiStream 587683853.6984 55.5345246139098 268.20256722343
TobiiStream 587683865.5254 38.1183088220794 265.99699058845
TobiiStream 587683877.9666 -6.55384058041661 258.849418200366
TobiiStream 587683886.9201 -10.7430767272122 254.336508710079
TobiiStream 587683899.0441 -70.2082094175245 200.165718549003
TobiiStream 587683924.5617 -83.4293413239805 187.699228473749
TobiiStream 587683931.718 -86.2720236136918 207.09393601649
TobiiStream 587683943.4803 -58.0931251170379 222.602250577578
TobiiStream 587683955.5642 -56.5563887437707 223.398455479899
TobiiStream 587683965.6497 -39.0968262040534 231.176890644145
TobiiStream 587683976.6533 4.25494002243171 249.988228432205
TobiiStream 587684002.4901 12.0802782407479 254.078698781621
TobiiStream 587684010.5621 57.7659800729292 276.040432878348
TobiiStream 587684020.1713 60.6578765792502 278.11401405631
TobiiStream 587684034.4813 52.9267439451784 275.580903448531
TobiiStream 587684043.3497 46.6633197008162 273.617440724453
TobiiStream 587684053.8778 41.7179051238343 273.540038536624
TobiiStream 587684081.1985 36.3224425249251 273.320540387825
TobiiStream 587684087.6558 63.1206896428029 290.997155088604
TobiiStream 587684098.7913 67.0371714389176 304.232789675916
TobiiStream 587684112.6903 24.1468176149917 295.305973665935
TobiiStream 587684120.2936 55.4141343233729 287.867984785225
TobiiStream 587684140.5247 121.311060094541 278.940214235985
TobiiStream 587684144.4484 195.285906140169 224.127400818265
TobiiStream 587684153.675 197.938714317539 222.721536131727
TobiiStream 587684165.3183 200.740567289332 221.463380611337
TobiiStream 587684190.4266 200.275864122916 224.512718499648
TobiiStream 587684198.2198 211.945332646557 267.31296341286
TobiiStream 587684209.692 219.573305397683 320.481754025226
TobiiStream 587684222.4643 224.641555741891 288.001680414705
TobiiStream 587684231.4523 224.73719826624 287.435699231935
TobiiStream 587684243.0891 224.481644462876 286.19932511902
TobiiStream 587684269.0437 224.005639728529 285.640595738872
TobiiStream 587684276.5258 206.337722438983 286.648433308784
TobiiStream 587684286.3353 211.061252004002 267.569057289031
TobiiStream 587684300.5764 209.080036328183 266.87276289451
TobiiStream 587684309.9674 198.579786677056 269.960931022118
TobiiStream 587684319.7236 215.850184911697 274.51342610878
TobiiStream 587684332.2359 225.200750167678 281.332658719006
TobiiStream 587684347.4346 200.814081370777 284.327830810805
TobiiStream 587684353.3981 237.805815740389 276.970991783826
TobiiStream 587684365.0204 273.980980883732 269.704819872329
TobiiStream 587684378.456 472.200354844538 207.948240662443
TobiiStream 587684386.9502 504.440797690265 186.266956131596
TobiiStream 587684398.5352 509.486786697874 183.941084692649
TobiiStream 587684410.2765 508.672919130859 166.342202957825
TobiiStream 587684420.3182 483.830072838459 159.240782700837
TobiiStream 587684431.8135 469.214544895136 154.944139984124
TobiiStream 587684457.4901 452.607871764105 156.688908034496
TobiiStream 587684464.9744 458.059247706696 162.722640054515
TobiiStream 587684476.4382 467.600933824015 159.595065237922
TobiiStream 587684488.7427 449.65055004401 156.431228520212
TobiiStream 587684498.6772 450.027340286546 153.680084211001
TobiiStream 587684509.9413 458.273044468695 147.76932258275
TobiiStream 587684535.7138 479.407051334874 118.689831223153
TobiiStream 587684542.8091 483.151650308147 113.918258382742
TobiiStream 587684553.7496 483.561718226989 114.056341495392
TobiiStream 587684566.747 475.209250300022 101.752575409878
TobiiStream 587684576.4178 483.592719157465 101.736606612021
TobiiStream 587684586.8778 474.91664495339 99.4415298243212
TobiiStream 587684613.5572 442.319401589132 86.0955194352605
TobiiStream 587684620.2568 348.408057994215 56.1326935907966
TobiiStream 587684632.7927 345.321883521407 55.6133171725412
TobiiStream 587684645.2312 336.50091065899 49.6262426633526
TobiiStream 587684653.6359 334.943856085966 47.7303237555666
TobiiStream 587684665.0855 329.635725714231 44.8508905698524
TobiiStream 587684692.0242 337.780639440555 46.1022656444182
TobiiStream 587684698.3131 347.341274067185 32.5387062952265
TobiiStream 587684709.4865 341.816410030764 33.2843876779185
TobiiStream 587684723.4336 345.907482178051 37.8833688863451
TobiiStream 587684731.548 350.158160905905 46.8594211454464
TobiiStream 587684742.1219 359.923608087919 88.1430139749335
TobiiStream 587684754.4249 365.650844371645 80.9273160470103
TobiiStream 587684764.4315 1261.72145024306 103.78651355729
TobiiStream 587684774.9168 1533.95716209031 84.0982156488853
TobiiStream 587684800.587 1546.99703760382 82.9060988317036
TobiiStream 587684808.1299 1594.24627814434 78.9881396423424
TobiiStream 587684818.6468 1610.46507716756 77.3621885821829
TobiiStream 587685455.0148 777.413758022411 160.396350918981
TobiiStream 587685464.5211 630.938023535515 183.868121091037
TobiiStream 587685475.1111 564.586555023957 213.221548036286
TobiiStream 587685502.1919 482.568529466912 177.400320406
TobiiStream 587685509.1676 397.447028749171 112.125005878884
TobiiStream 587685533.2922 384.253794408854 104.508017853778
TobiiStream 587685541.9703 348.22573157337 80.6260452095413
TobiiStream 587685552.3564 334.188064372545 70.0924448577253
TobiiStream 587685578.9061 314.053838059701 61.0377061247657
TobiiStream 587685586.0136 298.432218954836 49.4956952992895
TobiiStream 587685597.8918 298.322875558879 54.0429500948262
TobiiStream 587685610.5263 287.812702853018 25.3008580937722
TobiiStream 587685619.0387 284.491068042985 17.1773509989245
TobiiStream 587685631.0952 278.472366263722 2.35267000227516
TobiiStream 587685658.1713 270.786773208337 -8.62235782635372
TobiiStream 587685664.2739 255.892330226824 -17.6821545596389
TobiiStream 587685690.2863 236.019720596124 58.7487457907286
TobiiStream 587685697.6603 235.03735649557 64.5349325218503
TobiiStream 587685708.8768 216.009771094044 82.313454801622
TobiiStream 587685721.7902 215.596614781324 82.8706363545265
TobiiStream 587685730.9057 210.527825039716 93.284713032503
TobiiStream 587685741.744 192.613240752543 92.5110576122298
TobiiStream 587685753.1709 191.412306381578 93.7877251298049
TobiiStream 587685764.2698 194.930189260418 94.9754104256324
TobiiStream 587685774.6397 194.291030086225 92.1867627813059
TobiiStream 587685800.7579 153.791825567921 53.8077776404991
TobiiStream 587685808.4375 -117.026218569238 -194.247547533435
TobiiStream 587685819.3856 -113.146978865648 -190.713284061945
TobiiStream 587685831.6717 -51.4948963285863 -135.078278826219
TobiiStream 587685841.7769 37.8216661682883 -40.5540220447174
TobiiStream 587685852.5774 49.5304233793805 -27.6784463970868
TobiiStream 587685864.2704 62.2192312366998 -13.8332503260099
TobiiStream 587685878.4882 35.0712349753636 -35.0914942525957
TobiiStream 587685885.349 25.2044782146167 -19.4610637193603
TobiiStream 587685897.0174 23.7290025486135 69.6277885164758
TobiiStream 587685909.7137 -42.0071164234881 15.4461517926461
TobiiStream 587685918.9172 -47.239769806384 12.2318994192591
TobiiStream 587685930.4255 -31.1421608674886 43.5070868256891
TobiiStream 587685957.1757 -84.6921762081039 30.3211282587977
TobiiStream 587685963.6641 -93.1448290456005 27.5536523352829
TobiiStream 587685974.3129 -94.63206722444 23.8629830801055
TobiiStream 587685988.3986 -142.522581627246 -11.3165078038653
TobiiStream 587685997.2864 -146.918532024677 -10.9004624717615
TobiiStream 587686008.4563 -185.236102150933 -22.8802735242608
TobiiStream 587686019.3019 -221.351287168514 -42.7907295617608
TobiiStream 587686035.3209 -217.794202267767 -38.6623660122519
TobiiStream 587686041.7005 -215.23473673032 -35.9399797751062
TobiiStream 587686052.6283 -209.21706158946 -31.4760952564793
TobiiStream 587686066.4802 -199.347144562458 -22.6820581489083
TobiiStream 587686075.0977 -90.6072405730141 86.0567278072024
TobiiStream 587686085.8717 -102.562359492355 68.7436560853509
TobiiStream 587686097.5019 -90.0387986178509 81.9275778029821
TobiiStream 587686108.2916 -95.7518737648686 71.6245225047403
TobiiStream 587686118.6222 -103.967547164678 59.1235702242604
TobiiStream 587686132.5987 -102.739188081167 59.3979380677205
TobiiStream 587686144.5258 -95.3187596000207 72.9687946745941
TobiiStream 587686151.8823 -88.9020478427775 43.0098001509981
TobiiStream 587686164.1026 -79.807020371972 2.87278761057271
TobiiStream 587686175.7749 -92.2579593060388 36.8366376528579
TobiiStream 587686185.68 -93.992353182536 43.6824486062113
TobiiStream 587686196.6899 -92.9804216565746 63.5731088654708
TobiiStream 587686223.3297 -119.505219846709 62.3008545890479
TobiiStream 587686230.645 -167.362216603364 40.8594658781875
TobiiStream 587686241.6212 -176.586903168082 32.7724625185829
TobiiStream 587686254.6577 -174.187424480378 42.1681238073798
TobiiStream 587686263.9339 -159.688616400345 65.9221437238006
TobiiStream 587686274.373 -157.356693667981 69.6326280845259
TobiiStream 587686300.3712 -169.774685636652 56.9955162138655
TobiiStream 587686307.3833 -121.083854202699 65.4810592119842
TobiiStream 587686318.2156 14.4684838894498 65.2805616431053
TobiiStream 587686331.187 173.687958889733 71.8772536223521
TobiiStream 587686340.9536 272.603470560523 76.5546079649135
TobiiStream 587686351.6303 287.294583929093 58.3251363923869
TobiiStream 587686363.2267 837.440833606161 89.6745634904216
TobiiStream 587686378.8423 1245.37673349377 119.249637469475
TobiiStream 587686385.0441 1287.85280578492 121.432391515931
TobiiStream 587686396.7504 1321.57170242283 123.953222898551
TobiiStream 587686410.1626 1290.30271829875 138.203792618317
TobiiStream 587686418.3762 1292.34900925971 141.530975423998
TobiiStream 587686429.7441 1298.3305410796 141.763216017959
TobiiStream 587686456.5734 1300.09177176588 140.569931965731
TobiiStream 587686463.1031 1316.40112584785 131.509439016407
TobiiStream 587686474.3354 1336.4740451225 116.618093072976
TobiiStream 587686487.7366 1355.91778782382 48.2112702766356
TobiiStream 587686497.6504 1356.83852872489 50.4762043667768
TobiiStream 587686507.9908 1361.58730090152 25.8538293615764
TobiiStream 587686519.4458 1362.12768143893 28.6085272025406
TobiiStream 587686530.3706 1363.55500958332 24.8086784080474
TobiiStream 587686541.2443 1375.57945225095 -1.16376612263576
TobiiStream 587686565.9275 1381.17476629783 -11.3606097274716
TobiiStream 587686574.5154 1393.90148927917 -47.5924626800335
TobiiStream 587686584.825 1387.17272551755 -47.6023019003565
TobiiStream 587686612.154 1395.46548153221 -50.0083425432922
TobiiStream 587686618.2392 1396.09301338056 -52.2280586415317
TobiiStream 587686643.2034 1396.68373599487 -53.0265223575604
TobiiStream 587686651.5077 1415.09688574995 -76.8789480133025
TobiiStream 587686663.3185 1415.88328623681 -77.4608871490926
TobiiStream 587686674.9243 1408.37488170408 -71.2444466573756
TobiiStream 587686684.7998 1418.20623939881 -58.3131741211007
TobiiStream 587686696.6772 1421.49238948071 -55.1638208561456
TobiiStream 587686721.436 1446.09327967669 -46.3034580791703
TobiiStream 587686730.0695 1450.29581160023 -42.2132588929802
TobiiStream 587686740.9765 1447.5851157031 -41.9573619807938
TobiiStream 587686753.2209 1452.39342560265 -33.1964213756595
TobiiStream 587686763.2116 1452.9472228696 -32.2576964104236
TobiiStream 587686774.3347 1453.12634254328 -30.5785127108475
TobiiStream 587686800.3393 1453.78374743318 -38.1007019090981
TobiiStream 587686807.8217 1448.17879870946 -73.1055989796026
TobiiStream 587686817.9267 1447.27205207921 -76.3196783554619
TobiiStream 587686830.4468 1432.54981470164 -100.823710889893
TobiiStream 587686840.9797 1432.4927235248 -99.7822674218998
TobiiStream 587686851.3305 1431.85083846882 -100.52600229704
TobiiStream 587686878.5313 1429.56780597534 -95.771143907088
TobiiStream 587686884.7555 1429.12206967327 -98.9236348964764
TobiiStream 587686896.7553 1427.09511160999 -100.894138698515
TobiiStream 587686909.0682 1426.25531291114 -101.366904146644
TobiiStream 587686917.8633 1425.00218395751 -94.5610550113826
TobiiStream 587686929.9007 1430.51233896501 -77.610166024278
TobiiStream 587686940.8683 1433.24857390398 -45.5757687520449
TobiiStream 587686951.3764 1432.13693073902 -43.2372913426515
TobiiStream 587686963.4324 1433.2558607633 -37.7222334533341
TobiiStream 587686973.8798 1431.82970047375 -40.7714721919405
TobiiStream 587686986.4676 1434.53178912446 -60.7291632433713
TobiiStream 587686995.9392 1434.31741853389 -62.9717449396336
TobiiStream 587687006.4483 1435.07377505 -68.0394093332007
TobiiStream 587687017.905 1432.31684352126 -79.1444109139937
TobiiStream 587687029.1275 1423.44005815801 -63.758622759697
TobiiStream 587687039.4697 1392.98385381001 -46.2580609527076
TobiiStream 587687050.2169 1363.42894623689 -28.270953960125
TobiiStream 587687096.2628 1150.38877969207 298.37613300775
TobiiStream 587687107.0236 1128.2424321826 354.578659981217
TobiiStream 587687117.8419 1134.655897127 355.18698000025
TobiiStream 587687129.5818 1115.54609495516 359.490651148984
TobiiStream 587687142.9192 1103.06837303085 377.138198026013
TobiiStream 587687151.3044 1090.37560125476 393.525426542318
TobiiStream 587687162.9484 1068.22314910728 424.043379672766
TobiiStream 587687174.1989 1060.96464798343 433.538784702838
TobiiStream 587687184.447 1054.94727214648 451.524325391982
TobiiStream 587687196.3516 1053.65540314491 462.870140608972
TobiiStream 587687221.6589 1047.95967147845 495.214681407781
TobiiStream 587687229.8615 1044.77002410367 509.419991425605
TobiiStream 587687240.2925 1036.00530078761 530.498298586441
TobiiStream 587687253.4945 1033.32897120284 534.597759626267
TobiiStream 587687262.7695 1033.07194174322 525.405553470934
TobiiStream 587687274.3793 1030.87866651467 527.763429072668
TobiiStream 587687300.2606 1026.90653519662 539.117188373195
TobiiStream 587687307.3825 1021.46694812712 550.215244058923
TobiiStream 587687331.1263 1024.45304649902 547.007735818497
TobiiStream 587687340.1099 1015.40344904673 564.804987343966
TobiiStream 587687351.1382 586.173754957699 480.956418668563
TobiiStream 587687377.588 551.920369281039 473.569499705144
TobiiStream 587687384.6214 273.549588611385 369.766532298387
TobiiStream 587687396.4315 220.885840118949 338.737931727382
TobiiStream 587687409.2675 198.333464616861 332.815354360414
TobiiStream 587687418.2182 176.511679564199 320.750299859208
TobiiStream 587687429.7056 154.149747910335 308.832093554015
TobiiStream 587687455.7302 56.2884926467476 231.8131819442
TobiiStream 587687462.9549 38.5629858755246 210.888775638373
TobiiStream 587687473.8525 37.3364832642101 208.701009288744
TobiiStream 587687487.269 33.5968401943444 205.504169215118
TobiiStream 587687496.324 17.8655709776953 198.470070789293
TobiiStream 587687506.6486 11.3438806740251 192.310492660114
TobiiStream 587687518.0001 -142.437812432971 73.2424542374661
TobiiStream 587687533.13 -185.254365699591 35.5867797103271
TobiiStream 587687540.5847 -190.205323872525 31.5558782147269
TobiiStream 587687551.4159 -177.899486639242 40.2738627763412
TobiiStream 587687563.4028 -195.662215865568 29.7039777081932
TobiiStream 587687573.9237 -195.505798003539 32.5264072435854
TobiiStream 587687584.7119 -202.113006837663 29.243356908612
TobiiStream 587687610.3106 -205.740900772084 27.4790462564018
TobiiStream 587687617.4709 -246.079011396952 -22.1632389042909
TobiiStream 587687631.7899 -263.506599660954 -41.2401476995308
TobiiStream 587687641.7287 -232.104505490667 -11.0500483425306
TobiiStream 587687650.8588 -252.53064928172 -38.4046097304191
TobiiStream 587687662.4453 -243.762343511547 -36.1913584298166
TobiiStream 587687688.7093 -207.624100990868 -0.541920600375878
TobiiStream 587687695.9664 -199.225116331017 9.1807264767507
TobiiStream 587687707.1073 -180.261085322936 0.950360128695014
TobiiStream 587687720.5346 -162.38604081022 15.4685144990453
TobiiStream 587687728.8178 -162.766219118469 -15.2045202081033
TobiiStream 587687740.0804 -170.479115121131 -8.66987741642507
TobiiStream 587687751.5584 -176.510480339734 -16.4029427797212
TobiiStream 587687762.4065 -184.635885387492 -34.8795752973224
TobiiStream 587687773.7342 -186.653838799553 -35.4298076062383
TobiiStream 587687798.2326 -192.968819451592 -34.4151810912306
TobiiStream 587687806.9593 -223.218919894646 29.0375185344919
TobiiStream 587687817.6584 -209.280559173316 33.6607671555751
TobiiStream 587687829.5949 -195.789336649048 39.1225772868674
TobiiStream 587687840.6406 -144.147157803315 48.2425541965358
TobiiStream 587687851.0905 177.146165911688 12.3392881466052
TobiiStream 587687862.5855 188.947446723306 11.2450015822515
TobiiStream 587687876.0174 261.358395854017 40.5610711651872
TobiiStream 587687883.8166 348.1693937838 96.0027031066324
TobiiStream 587687896.0529 361.873930782702 85.8053396633149
TobiiStream 587687907.2447 340.389573685387 46.9428297634102
TobiiStream 587687922.517 338.090157647789 38.9885902476323
TobiiStream 587687929.4008 339.640483854071 37.9098285160399
TobiiStream 587687940.4274 320.81603403873 27.3632283616296
TobiiStream 587687953.4202 338.858476974018 45.2387176668565
TobiiStream 587687962.6158 341.837227200857 48.7127729730836
TobiiStream 587687973.8463 329.76185812742 39.1983987459847
TobiiStream 587687999.0933 329.570418787671 36.5966930846388
TobiiStream 587688007.0936 374.204514935295 60.5804515739709
TobiiStream 587688017.6603 392.692625973241 84.4286287519399
TobiiStream 587688030.0599 403.663987999744 99.786924253917
TobiiStream 587688040.4095 404.558514305082 103.030837662506
TobiiStream 587688051.2964 404.419719171967 109.034238924875
TobiiStream 587688062.5572 408.377878488906 117.055721213579
TobiiStream 587688076.4413 409.176334386547 116.839986251519
TobiiStream 587688084.7512 420.793699735636 133.211831019102
TobiiStream 587688095.9741 429.573003637281 145.605706741806
TobiiStream 587688107.8032 424.246152057891 144.49329328281
TobiiStream 587688117.9861 406.549987247769 145.637479682438
TobiiStream 587688129.1304 389.05566727189 146.654255770981
TobiiStream 587688154.7476 411.318640363461 164.681302940506
TobiiStream 587688162.1304 244.725273441006 18.3028168117249
TobiiStream 587688173.5797 206.105009591804 -14.3708204143433
TobiiStream 587688185.4564 195.832437395036 -21.7739377033504
TobiiStream 587688195.5966 213.611311833875 5.35197251102943
TobiiStream 587688206.9869 215.198071635398 11.6974815637261
TobiiStream 587688233.6333 216.498080280764 14.7964316746386
TobiiStream 587688239.8181 271.325860671093 106.68881443851
TobiiStream 587688251.1374 264.830066977206 96.6066622659385
TobiiStream 587688264.483 229.249789940617 50.7408994023617
TobiiStream 587688273.3821 216.221409085268 36.1434707291954
TobiiStream 587688284.3327 215.387536387984 44.1471481294401
TobiiStream 587688311.1589 219.281466571119 55.6247398828395
TobiiStream 587688317.2278 228.054039791859 67.2097238261601
TobiiStream 587688328.84 221.025608682855 69.8068064150924
TobiiStream 587688342.5356 209.309453708215 59.9806882986357
TobiiStream 587688351.2541 188.033228020751 30.4271348632585
TobiiStream 587688362.4346 215.411849536603 77.5448055585502
TobiiStream 587688373.5172 233.671779717531 107.581079493247
TobiiStream 587688384.1126 241.586995884524 115.820016950578
TobiiStream 587688395.5601 240.936673149161 110.261750253884
TobiiStream 587688406.746 246.254724711099 122.888882398561
TobiiStream 587688420.2316 247.989680828859 126.010233160827
TobiiStream 587688428.9989 238.280306305629 111.704907441784
TobiiStream 587688440.1803 263.239719174164 144.38528352829
TobiiStream 587688451.2383 276.957339003242 158.996665242926
TobiiStream 587688462.3413 274.840797529668 157.965621233128
TobiiStream 587688473.8547 289.788355964751 159.898683867008
TobiiStream 587688483.9741 308.926240814462 145.800425717307
TobiiStream 587688497.6908 386.713087467665 123.80530811255
TobiiStream 587688506.793 419.567946208479 107.991772665469
TobiiStream 587688517.3997 419.031388101511 108.567285738656
TobiiStream 587688529.3479 417.12730095104 108.992795607188
TobiiStream 587688540.0386 431.906251372863 99.8609785967755
TobiiStream 587688550.669 424.475152761213 97.0741972969945
TobiiStream 587688562.2024 429.993913691382 83.6112986074243
TobiiStream 587688575.7989 419.104337425834 76.7597156343249
TobiiStream 587688584.1464 398.684496198821 58.2114503823395
TobiiStream 587688595.6257 388.162402128109 48.7677838642532
TobiiStream 587688622.3097 381.700735452264 41.5975742337884
TobiiStream 587688628.9673 382.968458880355 57.2663448735445
TobiiStream 587688653.7989 388.919447467608 50.8639144268573
TobiiStream 587688662.227 384.743005117241 43.1206152927622
TobiiStream 587688673.1673 375.214805730468 28.9745427395215
TobiiStream 587688685.1154 379.259427715811 33.8484157643583
TobiiStream 587688695.4202 374.366029784391 24.4970438676291
TobiiStream 587688706.8799 355.867418052336 -6.39348738932897
TobiiStream 587688717.1148 382.243444759689 -18.6937245103769
TobiiStream 587688730.8652 389.448934381331 -23.4467906696219
TobiiStream 587688739.9422 421.573599595787 -67.7650948757264
TobiiStream 587688750.5801 432.630047270646 -92.0952387692919
TobiiStream 587688762.4915 433.741334066385 -94.3709302711873
TobiiStream 587688773.2362 424.171348695864 -119.817197944987
TobiiStream 587688784.0044 425.751183726254 -120.769373030598
TobiiStream 587688795.2862 426.529495309736 -122.158015900926
TobiiStream 587688808.5404 431.464634185774 -116.906910125751
TobiiStream 587688817.1796 444.396573093297 -105.835523474876
TobiiStream 587688828.7884 448.127132922868 -102.786361894536
TobiiStream 587688855.2041 493.055511950466 -83.7630746901955
TobiiStream 587688861.9849 488.337696240468 -83.8233087425749
TobiiStream 587688872.8234 536.750692377953 -42.0057910468953
TobiiStream 587688886.5776 761.623725653649 -68.2109321189523
TobiiStream 587688895.3525 843.062733038519 -76.2503043348667
TobiiStream 587688905.7752 1214.92886348809 -15.4108898913823
TobiiStream 587688918.5635 1257.32225453318 -10.0794265057006
TobiiStream 587688928.5002 1285.75007704158 3.99494752643982
TobiiStream 587688939.3769 1286.51704092251 5.06381642586547
TobiiStream 587688965.7363 1298.50146276074 7.11806877207438
TobiiStream 587688972.5524 1349.45488129892 -23.1365881563988
TobiiStream 587688997.475 1380.67028107209 1.22283300860235
TobiiStream 587689005.7812 1396.1101517219 -1.02718375167013
TobiiStream 587689016.4582 1400.33646460094 -8.63834842370652
TobiiStream 587689028.7407 1397.8615891537 -18.0720829345747
TobiiStream 587689039.0556 1399.75123342068 -20.3054502696343
TobiiStream 587689049.8153 1390.68886926946 -28.3290756223043
TobiiStream 587689076.477 1389.4667575638 -25.879845973235
TobiiStream 587689083.1631 1381.98321820998 -26.0608813409434
TobiiStream 587689094.7843 1383.27416630308 -27.3868018816736
TobiiStream 587689108.5362 1379.16169847062 -26.8441629432339
TobiiStream 587689116.4189 1383.6918248385 -27.8048904902021
TobiiStream 587689128.1766 1379.94192557102 -24.925591915755
TobiiStream 587689154.14 1384.44770573879 -28.2190298015339
TobiiStream 587689161.3728 1387.90657265508 -18.7867246851897
TobiiStream 587689172.3873 1387.39336451644 -17.6548497592502
TobiiStream 587689184.6266 1418.90771787587 -36.2748842599425
TobiiStream 587689194.7635 1407.41595867283 -22.4744001232019
TobiiStream 587689204.9636 1424.62875819308 -14.8781428416628
TobiiStream 587689230.4357 1433.89144530911 -14.9421022593908
TobiiStream 587689238.1735 1481.43395612573 4.89145741335982
TobiiStream 587689248.8766 1509.29318256199 4.97165336429502
TobiiStream 587689653.3079 1497.23470488766 -131.901639545732
TobiiStream 587689660.7236 1454.88763950457 -85.9096297099451
TobiiStream 587689671.9606 1445.82523977902 -78.6016806745317
TobiiStream 587689684.5194 1444.53409694487 -77.4201391887202
TobiiStream 587689693.8714 1449.7641330272 -82.8515151109439
TobiiStream 587689726.9847 1390.73600706741 -20.1302558900878
TobiiStream 587689738.2916 1371.79432532096 -2.82004618124628
TobiiStream 587689763.2368 1373.12026323648 -10.5462558471234
TobiiStream 587689794.2979 1345.14776235825 -9.92404665220604
TobiiStream 587689804.6135 1342.81143577983 -31.9591045642523
TobiiStream 587689815.2181 1342.35115869488 -30.799917872723
TobiiStream 587690926.4154 1408.66148203307 -193.182278801633
TobiiStream 587690936.5963 1408.66148203307 -193.182278801633
TobiiStream 587690948.3119 1408.66148203307 -193.182278801633
TobiiStream 587690994.1178 1407.69625734528 -197.64219103137
TobiiStream 587691003.5826 1404.44691023851 -212.656107566459
TobiiStream 587691014.2529 1403.28244892051 -218.036611545374
TobiiStream 587691040.575 1402.57631299238 -221.299379584327
TobiiStream 587691047.671 1445.54059061091 -205.742560091439
TobiiStream 587691359.1963 931.84121890693 79.4949085553274
TobiiStream 587691370.2293 995.462993370523 142.668642800966
TobiiStream 587691383.0058 997.490794221149 176.280893330877
TobiiStream 587691392.6622 986.150703061075 221.515695344313
TobiiStream 587691404.3049 1002.58568193143 197.069175918854
TobiiStream 587691429.7118 1020.08474264272 221.603005051384
TobiiStream 587691437.5769 1106.63905682204 237.807287183995
TobiiStream 587691448.6918 1096.91843728812 245.157105393566
TobiiStream 587691461.7103 1144.18959483126 249.880649589573
TobiiStream 587691470.8931 1184.28914361789 272.875817161727
TobiiStream 587691481.689 1232.12623771679 278.403133397027
TobiiStream 587691508.4256 1279.20776975309 275.484530770764
TobiiStream 587691514.8111 1301.3214753048 302.43632097564
TobiiStream 587691526.6073 1298.94313361796 305.140639839682
TobiiStream 587691539.3668 1297.87518436677 315.955497472865
TobiiStream 587691548.033 1282.24267867699 324.734277218035
TobiiStream 587691560.1412 1187.81427258755 422.783396561048
TobiiStream 587691585.3872 1180.12569324026 437.041371701676
TobiiStream 587691593.037 1181.48660827126 425.522547665756
TobiiStream 587691603.2704 1160.85531259666 438.334387937691
TobiiStream 587691616.3935 1152.06115259646 436.750704078306
TobiiStream 587691626.8926 1134.63448876211 433.19358365841
TobiiStream 587691636.9771 1114.12510546882 449.77443345744
TobiiStream 587691663.5513 1100.90537110738 459.523903615547
TobiiStream 587691670.2483 1099.01251206124 426.46372894022
TobiiStream 587691681.1234 1107.63453911984 413.505209841874
TobiiStream 587691694.3692 1111.2507011068 400.011960290482
TobiiStream 587691703.0015 1082.43862215362 394.578195220219
TobiiStream 587691714.5535 1058.30731156221 465.152244910283
TobiiStream 587691741.0541 1009.70058383924 509.489729491175
TobiiStream 587691747.6999 1019.04755062309 497.724904001343
TobiiStream 587691760.0096 1023.91716743097 493.357363857279
TobiiStream 587691772.744 1037.01377683091 486.754494462705
TobiiStream 587691781.4014 1058.83741597868 478.590873592452
TobiiStream 587691793.1138 1067.99881132643 475.992653078792
TobiiStream 587691804.1665 1100.04587978414 463.506016269381
TobiiStream 587691814.7309 1121.7133505737 454.052875960777
TobiiStream 587691826.2241 1133.24861240979 449.501781644535
TobiiStream 587691850.4897 1133.69864173028 447.565829935616
TobiiStream 587691860.0747 968.364134004545 587.44514668995
TobiiStream 587691870.1877 972.161571893787 586.066838453627
TobiiStream 587691881.7181 972.729641280549 590.362389878858
TobiiStream 587691893.0365 976.04531782016 587.547725067741
TobiiStream 587691903.0965 975.457640366368 581.834808423515
TobiiStream 587691929.1912 972.790242094236 600.845978490662
TobiiStream 587691937.3114 959.950507651156 612.221171899197
TobiiStream 587691948.2063 953.881692093864 614.306379460655
TobiiStream 587691960.7505 974.808786814545 600.796346343795
TobiiStream 587691970.1849 1003.74373855896 578.236377090708
TobiiStream 587691981.3817 1019.41790111862 566.480495382837
TobiiStream 587691993.244 1025.85568850283 560.407361727905
TobiiStream 587692006.5368 1048.40905266246 553.617412662945
TobiiStream 587692014.3165 1112.42608007884 533.338339854436
TobiiStream 587692026.4301 1331.26653274241 449.41366420826
TobiiStream 587692038.0731 1393.4502799614 444.945045400155
TobiiStream 587692047.1525 1465.42287221375 456.761086068279
TobiiStream 587692059.4927 1513.12919305125 461.41252617278
TobiiStream 587692085.6285 1533.14389129817 465.109260296645
TobiiStream 587692092.876 1547.13630551745 470.469621335329
TobiiStream 587692103.4847 1598.60179511303 479.789650585376
TobiiStream 587692116.7126 1611.67783417845 489.485918511093
TobiiStream 587692133.3251 1630.518297311 490.886610547025
TobiiStream 587692147.0872 1684.32627532714 505.524559202078
TobiiStream 587692163.1188 1703.3191432309 508.543354986612
TobiiStream 587692170.4494 1707.48038332491 517.873698631914
TobiiStream 587692180.7644 1707.85603815531 524.60970763297
TobiiStream 587692193.9868 1703.40556786208 531.379739386574
TobiiStream 587692204.1386 1682.72878141531 542.983803867948
TobiiStream 587692213.8219 1642.23423252591 563.907854968506
TobiiStream 587692241.2278 1648.42340670708 567.538531704053
TobiiStream 587692247.3231 1643.54099448823 579.15524843045
TobiiStream 587692259.4636 1697.78157238665 579.925089016448
TobiiStream 587692272.4372 1714.40548242657 581.919466544825
TobiiStream 587692280.5697 1724.73425854521 585.215288098211
TobiiStream 587692292.5807 1734.53871236868 589.693996034119
TobiiStream 587692318.8157 1777.24161586849 605.490814995713
TobiiStream 587692326.3077 1792.57433711978 633.100371217514
TobiiStream 587692337.369 1788.21019006955 621.945455195577
TobiiStream 587692350.2764 1789.30355513133 635.121690298491
TobiiStream 587692359.2566 1792.21453323527 651.40428113799
TobiiStream 587692370.6955 1793.67968369213 657.813712213718
TobiiStream 587692381.4071 1799.28011581469 687.0370713744
TobiiStream 587692392.8007 1801.0182586712 691.480667733897
TobiiStream 587692403.9397 1801.52729621245 688.037703226381
TobiiStream 587692414.4517 1801.92746904336 689.315181039837
TobiiStream 587692427.5749 1802.17794491163 694.193713719364
TobiiStream 587692436.9853 1800.12879541839 706.812939828639
TobiiStream 587692447.4462 1800.98600988717 711.110082762557
TobiiStream 587692474.1808 1799.91220920388 708.351937560102
TobiiStream 587692481.0661 1804.26545249223 677.642915507728
TobiiStream 587692492.7333 1805.32966045061 679.269329167537
TobiiStream 587692505.9719 1807.21064210797 688.874711574272
TobiiStream 587692514.0471 1807.35601442277 691.48558521295
TobiiStream 587692525.7659 1802.42049722262 691.439274475159
TobiiStream 587692537.4658 1777.71467269532 683.577897463484
TobiiStream 587692546.8327 1742.41895242207 725.252485362396
TobiiStream 587692558.8339 1381.89416757031 645.177343364349
TobiiStream 587692570.4081 1210.41782356348 626.397152946952
TobiiStream 587692584.5127 1182.86087823701 622.443311186476
TobiiStream 587692592.0047 1172.06102039681 629.654225109684
TobiiStream 587692603.4439 1144.92694385194 644.242522070454
TobiiStream 587692615.2024 1127.11003183702 657.405913446953
TobiiStream 587692627.5351 925.402274272706 704.940315689286
TobiiStream 587692636.9263 865.46887416383 753.801995958604
TobiiStream 587692662.398 871.325966871735 754.565232221562
TobiiStream 587692670.1877 881.134164975043 757.748543824905
TobiiStream 587692680.3422 881.871819661163 757.945867736251
TobiiStream 587692693.6662 885.029028099875 759.43434022979
TobiiStream 587692703.5079 864.386682255326 752.131496076365
TobiiStream 587692713.574 858.854940290391 751.303583167334
TobiiStream 587692740.4203 861.779445004086 752.094962899698
TobiiStream 587692746.9747 916.934607056112 785.360675825666
TobiiStream 587692758.429 913.986287935014 784.262962782741
TobiiStream 587692771.3905 898.177086463013 773.905643767431
TobiiStream 587692780.1555 893.431320373467 770.518917749184
TobiiStream 587692791.7255 897.676796570754 770.962344500337
TobiiStream 587692803.3885 913.813063287553 762.687992637011
TobiiStream 587692813.2196 896.359294059453 757.147790959556
TobiiStream 587692825.4174 834.869723535497 740.109358968222
TobiiStream 587692835.9586 787.674973135163 724.57726236428
TobiiStream 587692850.3741 764.323462302035 718.194081215546
TobiiStream 587692858.9706 729.461785455422 708.327883657536
TobiiStream 587692869.3914 699.455900788261 703.877164072364
TobiiStream 587692881.4621 675.608941587376 701.827121458718
TobiiStream 587692892.1993 601.642626826639 689.225763481807
TobiiStream 587692902.67 599.029319645543 687.435843272876
TobiiStream 587692913.7608 589.46968428127 691.975628889904
TobiiStream 587692928.191 590.040224695726 691.779580360574
TobiiStream 587692936.1154 590.563143137066 691.757587341355
TobiiStream 587692946.8283 596.869066373252 690.317559341795
TobiiStream 587692959.4565 598.52701053365 690.072134021131
TobiiStream 587692969.2022 600.670413030063 691.508031544246
TobiiStream 587692980.3539 619.911512614238 699.506311853178
TobiiStream 587693007.1625 620.829878117145 699.932525167183
TobiiStream 587693013.5651 617.473268524905 701.240526316862
TobiiStream 587693025.4757 618.773064869135 701.234759458615
TobiiStream 587693038.1094 619.007225353128 700.88926183119
TobiiStream 587693047.114 616.828392816171 691.416097207986
TobiiStream 587693058.8791 616.234452554419 689.722647579871
TobiiStream 587693084.6401 616.394427456112 688.838906829375
TobiiStream 587693091.6571 620.149454530405 689.469976827972
TobiiStream 587693102.6292 632.577673823955 684.025375886064
TobiiStream 587693114.9139 637.684752051725 680.736250325085
TobiiStream 587693124.9969 652.384005883221 679.110432222952
TobiiStream 587693135.9842 539.083081233127 468.614712763923
TobiiStream 587693161.5041 532.10059038701 454.630684988289
TobiiStream 587693169.1635 514.188841019319 428.394690989274
TobiiStream 587693179.5131 510.957328883004 414.855794920311
TobiiStream 587693192.536 522.968937985481 433.317092371977
TobiiStream 587693202.4948 461.646839320861 364.342599235811
TobiiStream 587693212.6203 458.75826197509 362.309130026433
TobiiStream 587693240.3472 460.334927064728 370.838062208765
TobiiStream 587693246.1154 457.859091016682 363.157037599766
TobiiStream 587693258.7681 456.422658283356 359.313307765929
TobiiStream 587693271.6288 457.147455595128 359.816442156291
TobiiStream 587693279.2541 465.594912532865 363.142289636218
TobiiStream 587693291.4007 471.638744632224 365.461701043456
TobiiStream 587693303.7524 472.271750689026 365.075581050911
TobiiStream 587693312.6179 485.880405709677 383.308989547229
TobiiStream 587693324.789 495.776646577549 396.53773888358
TobiiStream 587693350.1127 495.60631276787 396.128237615246
TobiiStream 587693358.376 479.214757125476 393.247264157973
TobiiStream 587693369.1658 479.285897304509 397.156319543749
TobiiStream 587693381.5969 480.220659511419 416.210127979921
TobiiStream 587693391.4012 480.771152691191 429.700420706569
TobiiStream 587693402.4771 481.813090754115 425.20568795718
TobiiStream 587693426.9786 482.143307415688 419.529013048568
TobiiStream 587693427.0048 482.394465425472 415.438968266486
TobiiStream 587693435.7021 477.58663918574 418.940111669687
TobiiStream 587693445.7686 477.681278248707 419.291673302272
TobiiStream 587693473.4853 477.820209493241 419.656630432014
TobiiStream 587693479.8917 484.017936416007 416.155746190542
TobiiStream 587693492.088 519.572041032561 469.897099649427
TobiiStream 587693504.8081 565.095347427466 597.443581748964
TobiiStream 587693513.9521 562.562462621794 715.96428644271
TobiiStream 587693524.8012 574.41094582766 741.013558850589
TobiiStream 587693550.4606 550.883049381782 751.228574646909
TobiiStream 587693558.0271 538.971098411039 758.990211376487
TobiiStream 587693569.2739 529.398981853067 766.794214798651
TobiiStream 587693582.4539 397.326634493021 803.68919659587
TobiiStream 587693591.3291 385.658343720286 808.605838801818
TobiiStream 587693602.9911 357.792934326198 801.364539827887
TobiiStream 587693613.5643 355.955306259877 802.083652725275
TobiiStream 587693624.5416 369.956041772014 815.356081846389
TobiiStream 587693636.2504 366.172566260889 812.012568954622
TobiiStream 587693646.7656 358.06878062943 809.290579513946
TobiiStream 587693659.9236 351.023805046564 806.932288148064
TobiiStream 587693669.6786 337.984596938941 799.742176894749
TobiiStream 587693680.7781 329.915767993045 784.977566381855
TobiiStream 587693706.9105 323.954798226409 774.133616377006
TobiiStream 587693718.1776 323.510795394937 749.779296364312
TobiiStream 587693725.0398 323.083189283315 747.901542877884
TobiiStream 587693738.8489 323.480967588657 745.241129141522
TobiiStream 587693746.9386 318.615677722228 741.937158040903
TobiiStream 587693757.9192 313.412515105706 738.444426450914
TobiiStream 587693770.1811 274.101739087385 719.049849068373
TobiiStream 587693779.7966 336.936955042435 703.1152108067
TobiiStream 587693791.4013 451.961790481009 671.847638427991
TobiiStream 587693802.3798 684.097628762727 606.909642205274
TobiiStream 587693816.7598 713.581902782169 598.148788168855
TobiiStream 587693825.0285 787.364289146368 584.291721915775
TobiiStream 587693835.9422 908.463618760869 573.33049921388
TobiiStream 587693848.174 917.713219970159 572.486294932166
TobiiStream 587693858.3991 928.889674526406 571.534598411976
TobiiStream 587693869.1111 924.31119194914 568.601913916921
TobiiStream 587693894.6704 928.593128396041 568.786280674625
TobiiStream 587693902.6879 955.058356098819 566.858886953579
TobiiStream 587693912.9722 955.678695911697 566.34830366238
TobiiStream 587693925.7366 951.196631390971 558.076655320034
TobiiStream 587693936.1383 946.66718311237 551.500629705891
TobiiStream 587693946.4118 946.27726559496 550.733875850216
TobiiStream 587693972.9069 943.077425306487 548.908390513493
TobiiStream 587693973.0034 942.861715378237 548.180318237817
TobiiStream 587693979.5534 943.583359932769 547.054876190948
TobiiStream 587693991.614 953.649002607792 558.883001084041
TobiiStream 587694004.6627 953.686108379713 559.738600448459
TobiiStream 587694012.9291 951.292420510229 559.298907509461
TobiiStream 587694024.9024 950.363190369796 554.029150942252
TobiiStream 587694036.068 949.394189037035 547.462614680282
TobiiStream 587694045.9744 949.097113751907 546.466473755526
TobiiStream 587694058.4206 946.837832982882 550.82365223232
TobiiStream 587694069.5259 947.767151673383 549.693781718406
TobiiStream 587694083.213 944.942589567381 537.696872622497
TobiiStream 587694090.9872 945.899411681181 538.543748883958
TobiiStream 587694102.3371 961.121256158037 500.934430792652
TobiiStream 587694113.6948 1001.96630433454 476.939576783334
TobiiStream 587694124.5787 1157.65655431685 500.483539450008
TobiiStream 587694135.9543 1172.80491078483 500.785182487229
TobiiStream 587694146.4689 1202.85491924411 502.73422674597
TobiiStream 587694160.457 1217.98648052131 503.585608539365
TobiiStream 587694168.9523 1270.92013782653 512.710452572361
TobiiStream 587694179.4765 1282.81217647666 516.400196853433
TobiiStream 587694191.5436 1406.17432203874 546.799389996851
TobiiStream 587694207.1804 1403.49502001577 546.710428277311
TobiiStream 587694213.053 1401.58814719719 545.069086796941
TobiiStream 587694224.8048 1410.35671075947 554.728316435746
TobiiStream 587694238.1523 1406.57126006819 555.322585843303
TobiiStream 587694246.211 1406.30254708663 561.353335839538
TobiiStream 587694258.2015 1396.92099011349 562.651050513376
TobiiStream 587694283.7318 1396.31747832973 562.087135866018
TobiiStream 587694291.2483 1368.26441815466 595.071819768826
TobiiStream 587694301.7092 1334.69332751933 617.298437134928
TobiiStream 587694315.1967 1335.02886983845 628.241660064201
TobiiStream 587694324.773 1267.84104522586 547.859396537006
TobiiStream 587694335.1929 1257.02250604672 531.386042689919
TobiiStream 587694361.7959 1253.60406436857 525.389680504904
TobiiStream 587694368.3268 1251.07790275924 517.209646890494
TobiiStream 587694379.5979 1253.7362260154 516.38766213997
TobiiStream 587694392.1736 1241.13933996964 488.35539745802
TobiiStream 587694401.7575 1236.14552188713 476.859478388917
TobiiStream 587694413.0279 1232.62944148832 461.073656137552
TobiiStream 587694424.793 1236.10468316031 466.602271054321
TobiiStream 587694438.533 1236.25072716895 465.59723628041
TobiiStream 587694446.3693 1238.68965739537 468.399676886572
TobiiStream 587694457.8573 1240.89771993264 467.211563582537
TobiiStream 587694470.4456 1239.19368328028 463.185817242945
TobiiStream 587694479.0317 1239.01061651703 462.484420621851
TobiiStream 587694491.0063 1240.23908373333 454.953983324886
TobiiStream 587694516.7482 1240.96335597495 451.288773382321
TobiiStream 587694524.141 1242.69166208743 450.321499142431
TobiiStream 587694535.0351 1339.49660395235 430.975409130766
TobiiStream 587694548.1708 1330.37573544105 432.458475674221
TobiiStream 587694557.5991 1303.95503879003 437.986935097284
TobiiStream 587694568.7738 1262.34297909796 449.938902209501
TobiiStream 587694579.0244 926.757475259118 327.892615696644
TobiiStream 587694594.2998 826.081163203101 280.160920470965
TobiiStream 587694601.6399 831.772961656785 288.386562958321
TobiiStream 587694611.7711 820.460607030715 294.074619545154
TobiiStream 587694625.608 701.289514569374 351.99029501914
TobiiStream 587694634.831 683.992187414276 350.320093758894
TobiiStream 587694645.3787 624.164870878444 343.441486596787
TobiiStream 587694657.2575 599.896862728858 366.500691521706
TobiiStream 587694672.5944 567.336291486472 438.078926138764
TobiiStream 587694678.9855 577.714052697457 476.307201996366
TobiiStream 587694690.5803 562.414003115506 477.365783940056
TobiiStream 587694703.6115 599.02677007248 487.608465280432
TobiiStream 587694712.4752 602.995391607929 492.22856505268
TobiiStream 587694723.7262 630.775944554096 521.772811745404
TobiiStream 587694734.686 632.181889341647 523.811202822512
TobiiStream 587694745.6475 632.613622496416 524.359846019953
TobiiStream 587694757.5168 628.529067106805 518.985936537296
TobiiStream 587694768.0583 634.232770397804 521.096972987988
TobiiStream 587694780.6126 633.93554340085 520.579387867099
TobiiStream 587694790.3018 596.546889030445 506.089223533673
TobiiStream 587694801.1959 568.50955039965 480.204840826696
TobiiStream 587694826.6885 567.194380982353 479.990297636529
TobiiStream 587694834.4695 550.242227008239 458.136089498183
TobiiStream 587694844.7878 548.006269848 454.81780905365
TobiiStream 587694858.1486 541.936665752332 446.492168034826
TobiiStream 587694867.8264 520.676257193023 428.031651628158
TobiiStream 587694878.8485 512.970753945152 439.739322589454
TobiiStream 587694905.4067 480.693824868485 428.755160755921
TobiiStream 587694912.7362 461.38573247785 427.959624941102
TobiiStream 587694924.4342 459.074324776058 441.682099713869
TobiiStream 587694936.4635 457.995060322835 448.41044522776
TobiiStream 587694946.1515 461.286731294945 456.823887685048
TobiiStream 587694957.6999 467.84307240558 474.183604964813
TobiiStream 587694982.6681 469.690777004882 480.333771752878
TobiiStream 587694990.7638 471.689349149386 488.582718816283
TobiiStream 587695001.2033 472.436619361474 492.10022462581
TobiiStream 587695013.7156 472.820070691752 495.006627475107
TobiiStream 587695024.1636 472.699082344169 494.583539385973
TobiiStream 587695034.3783 473.060718606774 494.678564131907
TobiiStream 587695061.3823 471.855447120255 493.498564197763
TobiiStream 587695067.6237 492.231425973474 486.596679746899
TobiiStream 587695079.5145 514.213325769787 486.931109755473
TobiiStream 587695092.4408 540.856741343976 492.460694211365
TobiiStream 587695101.2304 548.616156774347 494.689556140481
TobiiStream 587695112.578 564.183244270458 499.110516771927
TobiiStream 587695124.0132 572.479592329021 501.493894870146
TobiiStream 587695140.0575 577.023849394719 502.90104863116
TobiiStream 587695146.0449 594.23917317885 512.771986934573
TobiiStream 587695171.4615 590.428818360237 511.893007005647
TobiiStream 587695179.5004 607.278995975557 521.776244119333
TobiiStream 587695190.5689 606.934815525788 521.336848784535
TobiiStream 587695203.4665 607.026125369605 527.294845923628
TobiiStream 587695212.6217 606.731873550053 526.673347172496
TobiiStream 587695223.8785 607.711811406934 527.822972011348
TobiiStream 587695234.567 607.948327735199 527.983196676452
TobiiStream 587695245.2317 609.510045378426 527.904800208234
TobiiStream 587695257.2988 605.907272463829 521.825559685278
TobiiStream 587695282.172 600.261502543038 514.131227112344
TobiiStream 587695290.7821 594.169925613067 513.241056894356
TobiiStream 587695300.9536 591.905302352466 513.180750475859
TobiiStream 587695313.4025 599.633473014371 513.637894994617
TobiiStream 587695324.0498 604.130736332393 512.190421372221
TobiiStream 587695334.149 603.939849148596 509.77745242604
TobiiStream 587695359.7771 607.180563881152 510.410488862503
TobiiStream 587695367.5257 600.236909855361 471.413180045306
TobiiStream 587695378.7109 601.596850488234 469.862367055802
TobiiStream 587695390.2192 606.582921695121 449.94481285154
TobiiStream 587695405.5985 611.647749513486 459.101694550803
TobiiStream 587695412.0159 613.427641317959 466.853501965146
TobiiStream 587695423.3565 625.885755116407 487.994507314593
TobiiStream 587695436.0599 628.943999039073 493.051432119059
TobiiStream 587695445.2769 634.481687088659 507.743502816852
TobiiStream 587695456.721 634.8274699874 516.650667146821
TobiiStream 587695482.6046 636.971601107842 525.088272640007
TobiiStream 587695490.0632 611.267255299104 510.163131131257
TobiiStream 587695500.9768 543.965555147044 467.99843480019
TobiiStream 587695513.4623 540.718284329191 465.945426363031
TobiiStream 587695523.3331 546.853049931307 470.006411864609
TobiiStream 587695534.2139 556.652083111313 477.497161922451
TobiiStream 587695544.6454 598.245293903353 482.142218684849
TobiiStream 587695556.5295 634.832534540487 484.108075950766
TobiiStream 587695567.6563 715.849031989078 525.045029640263
TobiiStream 587695577.8498 700.389878237501 516.051184267769
TobiiStream 587695591.1683 707.160772398144 518.540551653274
TobiiStream 587695601.0635 726.691295860761 526.390876847513
TobiiStream 587695611.0476 731.958803863123 529.645311563161
TobiiStream 587695638.4872 732.620423814053 530.162922267241
TobiiStream 587695644.7797 737.770003137771 527.462552787858
TobiiStream 587695656.4959 751.324704661997 533.502733804533
TobiiStream 587695670.6278 784.436395238527 543.28262141816
TobiiStream 587695678.076 555.000273446248 179.407518322853
TobiiStream 587695689.1218 543.001368729016 159.314240994836
TobiiStream 587695757.0546 501.605730318632 43.5695587455204
TobiiStream 587695767.4956 555.650831568292 104.633428947508
TobiiStream 587695780.547 628.81310506572 277.054144451076
TobiiStream 587695790.625 664.98067833922 311.566583044791
TobiiStream 587695800.7392 680.509508364267 351.261169684687
TobiiStream 587695827.1443 710.246683337067 392.785973483452
TobiiStream 587695833.8815 706.873130951212 391.345585632566
TobiiStream 587695845.5122 715.060086203811 408.968085816437
TobiiStream 587695857.7651 714.199433531846 415.73437629048
TobiiStream 587695867.7816 714.868976755383 444.328438544557
TobiiStream 587695878.9518 695.316091341499 448.792748316856
TobiiStream 587695890.3509 719.335183281709 451.536297691359
TobiiStream 587695904.1517 700.346438349072 448.125862917683
TobiiStream 587695912.194 614.588934759054 425.144503766694
TobiiStream 587695923.5686 596.081348976213 420.842375168286
TobiiStream 587695934.5275 565.71507511621 409.328606797873
TobiiStream 587695950.2038 490.597586955438 387.135616872654
TobiiStream 587695956.7422 455.869603918058 376.188912468722
TobiiStream 587695981.0043 455.111457063341 376.760137337952
TobiiStream 587695990.1918 492.774618428051 389.314253544692
TobiiStream 587696000.5432 506.912967137334 394.311439309286
TobiiStream 587696012.1654 536.11177084385 404.532146191534
TobiiStream 587696023.5013 544.792916982068 408.709332309788
TobiiStream 587696033.7368 560.118356077505 415.732270496488
TobiiStream 587696045.3099 567.649115582373 421.758103422417
TobiiStream 587696059.7726 571.764251379198 426.432981070212
TobiiStream 587696067.2118 572.223938682227 426.345927447199
TobiiStream 587696078.8314 571.060080967434 429.406170951594
TobiiStream 587696091.1016 575.503269169142 432.949985934964
TobiiStream 587696100.4896 576.103203316563 432.408405240219
TobiiStream 587696111.3613 576.705330525923 432.325827764379
TobiiStream 587696137.7206 575.108253805124 428.957272551286
TobiiStream 587696144.7359 579.812173800559 426.416859806403
TobiiStream 587696156.5559 586.402850067299 418.877127009982
TobiiStream 587696168.8885 583.608066292832 421.03904828749
TobiiStream 587696177.3408 582.428892864831 418.916853993825
TobiiStream 587696189.3579 581.440530921335 420.042396128177
TobiiStream 587696200.2871 592.152754402451 481.219402436345
TobiiStream 587696211.226 892.497532003359 435.226017678292
TobiiStream 587696223.1614 970.043759829416 426.757243277647
TobiiStream 587696234.2739 991.700845990441 426.166830521769
TobiiStream 587696247.1466 1099.13388586026 424.072096446363
TobiiStream 587696256.4279 1126.51135020569 422.802932113284
TobiiStream 587696267.415 1142.43391524204 425.302602402636
TobiiStream 587696293.7866 1175.36724690308 419.213913516791
TobiiStream 587696300.2664 1240.83901354633 417.10036936763
TobiiStream 587696325.7382 1239.63095862161 417.636843544481
TobiiStream 587696334.1204 1296.8414941882 437.140060266813
TobiiStream 587696344.6761 1291.11920967303 441.551765273449
TobiiStream 587696356.9986 1292.84607871495 441.537444246455
TobiiStream 587696367.467 1290.78935075363 442.057542013228
TobiiStream 587696378.2402 1281.42599452412 440.745915386572
TobiiStream 587696404.2575 1274.38792692366 444.462153876282
TobiiStream 587696411.699 1256.82476803638 449.258632526204
TobiiStream 587696422.5286 1248.30362047757 447.568712823651
TobiiStream 587696435.8161 1249.81585137273 449.224389748574
TobiiStream 587696445.0808 1249.67498799647 449.063612617561
TobiiStream 587696455.9027 1241.4090639312 441.254172391578
TobiiStream 587696482.0571 1219.86074088623 429.050008851097
TobiiStream 587696489.2721 1217.41324397567 429.274763180423
TobiiStream 587696499.7092 1224.07308874454 424.59767833033
TobiiStream 587696512.7005 1167.5295095508 433.968592813177
TobiiStream 587696522.9613 1086.84579552266 470.435502682185
TobiiStream 587696533.5747 1074.50026400629 475.981943990283
TobiiStream 587696544.9896 1073.60537739397 491.105057499872
TobiiStream 587696558.2713 1074.18294704358 482.663528601748
TobiiStream 587696566.7228 1089.42886792906 477.964275358432
TobiiStream 587696578.2561 1099.52528846913 475.324635847788
TobiiStream 587696604.7066 1108.75946249775 472.916815543089
TobiiStream 587696611.3978 1146.72891426367 474.119769950792
TobiiStream 587696622.8249 1203.90958143912 452.48490820767
TobiiStream 587696635.3045 1203.39249332547 451.856468801018
TobiiStream 587696644.9998 1216.01035437684 439.905524061698
TobiiStream 587696656.667 1264.92241618658 451.662325603202
TobiiStream 587696682.8257 1591.27184562004 483.644289188157
TobiiStream 587696689.4677 1625.86588859049 488.292689421472
TobiiStream 587696700.7427 1634.89271211128 490.151116317812
TobiiStream 587696713.5386 1660.63587516586 494.856355569952
TobiiStream 587696722.7493 1692.01359831557 503.224854288719
TobiiStream 587696734.0959 1752.18065933825 515.411364188944
TobiiStream 587696744.6663 1764.76659685544 532.453320304584
TobiiStream 587696756.5497 1769.71924094655 528.897758767227
TobiiStream 587696767.332 1760.79543230266 529.501549809262
TobiiStream 587696792.2977 1754.8574705995 539.34696733394
TobiiStream 587696800.8731 1755.6197462667 540.810529410882
TobiiStream 587696811.6245 1756.75864119966 542.418776679849
TobiiStream 587696823.4762 1752.56412940108 545.406629772198
TobiiStream 587696833.883 1752.89008196135 547.259909456721
TobiiStream 587696844.3979 1766.2776149653 545.077653847741
TobiiStream 587696870.5639 1763.33606872448 545.296442094628
TobiiStream 587696877.4956 1776.48609776533 575.479103445382
TobiiStream 587696889.286 1797.61277238472 610.815562954025
TobiiStream 587696901.7415 1798.51942268574 614.014067558694
TobiiStream 587696910.989 1799.56206214776 617.553340975777
TobiiStream 587696922.7392 1810.81293224597 628.945185450913
TobiiStream 587696948.4764 1814.46811724438 633.824016521703
TobiiStream 587696956.2335 1833.41196417712 652.452956787327
TobiiStream 587696967.2275 1834.43930298541 650.903716890789
TobiiStream 587696979.4879 1839.86208192819 651.099813635351
TobiiStream 587696989.4611 1843.90592896002 653.854997431568
TobiiStream 587697000.4465 1843.12278965569 653.531822941643
TobiiStream 587697025.4621 1840.28119246126 656.874623277505
TobiiStream 587697033.829 1836.16779067986 664.164279040006
TobiiStream 587697044.0961 1835.38609031971 666.13421399423
TobiiStream 587697056.7521 1834.83038879369 666.464857736234
TobiiStream 587697067.0694 1832.9794806952 662.884513435404
TobiiStream 587697077.442 1832.05219736068 660.003220669229
TobiiStream 587697088.2178 1821.72531537179 644.202344749192
TobiiStream 587697101.2933 1766.9977975762 541.621571093276
TobiiStream 587697110.603 1656.7972295724 532.025748899024
TobiiStream 587697121.6476 1545.780427709 523.885425465704
TobiiStream 587697149.1504 1395.81264564398 507.620835953864
TobiiStream 587697155.4266 1204.64028840934 485.804862939368
TobiiStream 587697180.1279 1049.91535133405 465.464340860043
TobiiStream 587697188.5787 759.468128759402 450.16495961303
TobiiStream 587697200.4415 759.824079747729 445.178120274067
TobiiStream 587697210.6106 762.080727872843 442.082026919923
TobiiStream 587697221.9372 763.979695595644 439.575342804026
TobiiStream 587697233.3661 764.248274809536 438.185570030907
TobiiStream 587697243.7434 759.131792169789 434.418388635075
TobiiStream 587697257.4193 754.667262091695 431.152770884108
TobiiStream 587697266.8519 752.962559855262 430.011481191918
TobiiStream 587697277.2329 753.713446798408 425.955412878549
TobiiStream 587697288.6531 754.244139068992 422.834093405119
TobiiStream 587697304.3852 756.590689812329 414.329125998915
TobiiStream 587697310.1673 757.818369998728 410.986887569845
TobiiStream 587697336.5101 758.806459306073 408.2970411931
TobiiStream 587697343.875 796.37903288221 417.264342398969
TobiiStream 587697355.5422 831.289150585891 423.18423186191
TobiiStream 587697367.1001 959.618122960498 451.107156860029
TobiiStream 587697377.3642 1157.75581566809 477.064967326849
TobiiStream 587697388.946 1219.65658328043 476.384096530596
TobiiStream 587697400.1751 1258.46116955754 478.282404894549
TobiiStream 587697413.724 1281.04968149013 480.955483734342
TobiiStream 587697422.5341 1301.30122349561 483.225315577905
TobiiStream 587697433.5383 1329.55293854343 484.432834171955
TobiiStream 587697460.2545 1337.42782739885 486.611149937368
TobiiStream 587697466.4226 1341.20031913908 493.36059156599
TobiiStream 587697477.604 1341.08486423624 490.769656566035
TobiiStream 587697491.7609 1341.03172602926 490.720493282391
TobiiStream 587697499.1268 1341.83968410669 498.855678955178
TobiiStream 587697511.1591 1354.51523662556 522.437720613077
TobiiStream 587697522.4944 1356.35201223616 516.241668792959
TobiiStream 587697532.9942 1350.66763586798 519.363447965456
TobiiStream 587697544.2765 1329.78744273793 531.158762930599
TobiiStream 587697569.8771 1310.37538409913 530.931453378564
TobiiStream 587697576.9591 1217.43473283491 523.868153649885
TobiiStream 587697588.4488 1064.90522197109 492.503236876188
TobiiStream 587697615.466 1052.3511017031 488.815820013766
TobiiStream 587697621.8065 964.342413247406 459.539972850497
TobiiStream 587697632.9502 958.124675030634 453.312696367379
TobiiStream 587697646.4537 944.39764870217 447.354442824422
TobiiStream 587697655.2153 920.112043507614 433.692026333375
TobiiStream 587697666.2287 884.795047641257 428.479739298393
TobiiStream 587697678.5982 872.768987070556 401.938764874794
TobiiStream 587697688.2283 880.618246484687 406.245477819793
TobiiStream 587697699.6208 931.951891411275 460.133046144115
TobiiStream 587697710.3287 933.034480392351 461.409467914268
TobiiStream 587697721.6605 916.812809684368 440.262924684266
TobiiStream 587697732.7607 943.733411087221 470.803597346516
TobiiStream 587697743.207 947.379971736116 476.80045211063
TobiiStream 587697757.2081 953.917629887525 500.466874008139
TobiiStream 587697766.6018 964.042170395177 482.739056695517
TobiiStream 587697776.7382 966.797194421021 477.804430689004
TobiiStream 587697804.1661 972.598898636656 445.886756394737
TobiiStream 587697810.234 972.889726928924 429.61671543346
TobiiStream 587697821.9654 972.812084233922 424.340826699089
TobiiStream 587697835.2271 990.539230632505 364.065760908017
TobiiStream 587697843.3067 984.589118720613 375.047168467326
TobiiStream 587697855.2253 985.775467785339 367.83999921219
TobiiStream 587697881.9605 982.070069826448 378.246412357497
TobiiStream 587697888.8872 983.471942064837 375.451211302057
TobiiStream 587697899.8671 1002.0755328243 396.574850377231
TobiiStream 587697913.176 1005.06395560373 402.752144755836
TobiiStream 587697922.1358 1004.1564647298 402.169967681453
TobiiStream 587697933.3884 1000.1350502653 398.957999264139
TobiiStream 587697944.6783 981.964330857073 395.10823691187
TobiiStream 587697955.2512 973.456786878099 396.03516989643
TobiiStream 587697965.6921 909.917434256146 393.765826675529
TobiiStream 587697991.1358 912.813581219795 390.003981092685
TobiiStream 587697999.3138 753.115492020904 442.244899765932
TobiiStream 587698010.4949 701.400893677407 457.086972215063
TobiiStream 587698022.35 661.858001189226 469.415016571942
TobiiStream 587698032.4768 531.645375834933 516.835963725371
TobiiStream 587698043.8114 472.194212368481 536.366026445094
TobiiStream 587698069.3044 461.469004701554 539.399775844626
TobiiStream 587698077.1098 453.118251090054 529.21610243456
TobiiStream 587698088.1376 447.251843220671 523.569200230344
TobiiStream 587698100.2414 440.876737772727 516.50927915023
TobiiStream 587698110.4802 438.766209802926 514.515759573255
TobiiStream 587698121.4267 437.331916006592 517.350978738666
TobiiStream 587698146.9063 437.354139809619 518.122929308812
TobiiStream 587698154.8389 439.111729404524 511.760064672076
TobiiStream 587698166.2129 438.662859917031 512.264266651963
TobiiStream 587698178.1305 440.228099088654 512.238668373778
TobiiStream 587698187.9455 463.26139307925 483.733672448798
TobiiStream 587698199.109 489.359438999441 464.903077727616
TobiiStream 587698225.6298 482.97676813656 438.727921081869
TobiiStream 587698232.5951 370.159236145151 507.215001870035
TobiiStream 587698243.6377 322.565673483714 553.792847428534
TobiiStream 587698257.1258 312.130761098506 532.634585347887
TobiiStream 587698266.4437 297.344997097104 540.09369315926
TobiiStream 587698276.8897 285.742202683564 550.622295385306
TobiiStream 587698302.5748 272.243153230253 576.624418181964
TobiiStream 587698310.3089 231.899079891291 580.522650816344
TobiiStream 587698321.1653 257.371320739793 565.016476568762
TobiiStream 587698333.1222 270.791692852955 563.304107501621
TobiiStream 587698343.444 305.357763820345 518.006071621219
TobiiStream 587698354.4834 336.097329877791 500.961419640036
TobiiStream 587698380.1573 397.792526791148 474.521882650155
TobiiStream 587698387.6307 447.719121059714 549.86336240128
TobiiStream 587698398.6836 416.584816982924 504.655059798324
TobiiStream 587698411.3822 407.507647124527 516.360954504129
TobiiStream 587698420.462 419.900807673865 514.270202832544
TobiiStream 587698432.0818 390.285635314549 412.859010517119
TobiiStream 587698459.2287 382.520688745972 386.341938793038
TobiiStream 587698464.979 325.386557551817 271.638937217583
TobiiStream 587698490.9058 311.976804753901 247.194347886059
TobiiStream 587698498.5773 281.543560641536 138.097071866868
TobiiStream 587698509.7861 279.34068049183 128.262247738866
TobiiStream 587698522.5135 279.502460109975 120.95352750204
TobiiStream 587698531.9072 279.734955259408 122.077599966064
TobiiStream 587698543.1056 299.26344103788 105.848089882976
TobiiStream 587698553.8638 313.61140861255 93.7633432865933
TobiiStream 587698565.1336 320.454963885197 85.5362562390259
TobiiStream 587698576.469 370.959795524885 105.844249293668
TobiiStream 587698586.9616 408.85137425412 121.03752995667
TobiiStream 587698601.1222 473.769733997502 124.624183901061
TobiiStream 587698609.6629 486.657236032277 125.647773899238
TobiiStream 587698620.3214 498.051785083749 126.732873585111
TobiiStream 587698632.3454 497.515086157762 105.037630373715
TobiiStream 587698642.8713 500.924985514595 102.17490256794
TobiiStream 587698653.6344 504.203395797019 99.7128154396763
TobiiStream 587698665.1676 505.565983103804 108.128421548271
TobiiStream 587698677.7349 512.965058515743 108.873522856269
TobiiStream 587698686.9782 518.230722485847 109.291319404284
TobiiStream 587698698.7884 517.921066565882 106.877895328841
TobiiStream 587698723.9562 524.41168255263 142.107185949063
TobiiStream 587698731.545 552.180748184298 285.224130476339
TobiiStream 587698742.7267 540.99242418115 242.780710654044
TobiiStream 587698754.8579 569.228833404683 258.88736296948
TobiiStream 587698764.9381 644.596891618699 282.826104699511
TobiiStream 587698776.1118 687.673286239902 289.185855862696
TobiiStream 587698787.7066 719.821591199469 284.449178859427
TobiiStream 587698801.4031 696.031424875675 239.114195815275
TobiiStream 587698809.569 696.484365996655 235.409450382544
TobiiStream 587698820.6504 628.022964903923 187.938112690589
TobiiStream 587698833.09 663.227013699089 199.14972499393
TobiiStream 587698842.5701 661.751256152974 196.037492759735
TobiiStream 587698854.0652 648.4950631369 169.642171416944
TobiiStream 587698879.512 646.742779180172 167.73581014399
TobiiStream 587698887.2617 625.271389054184 150.067935659389
TobiiStream 587698898.8677 616.397068078264 147.650844093958
TobiiStream 587698909.4228 609.865097122587 143.938545305895
TobiiStream 587698925.13 610.901245041698 144.0452976629
TobiiStream 587698931.7014 603.120141847326 142.198463226262
TobiiStream 587698942.857 1189.9389345644 302.348178353776
TobiiStream 587698955.7718 1210.62638817228 308.259850701699
TobiiStream 587698965.3139 1248.44879922139 321.982408353063
TobiiStream 587698975.9463 1259.83171751707 326.24769456666
TobiiStream 587699002.5051 1275.83743484624 330.698635700304
TobiiStream 587699008.994 1308.0795589603 344.083651716046
TobiiStream 587699021.143 1309.89008765056 368.608739724739
TobiiStream 587699034.0309 1313.82412585638 390.703306899649
TobiiStream 587699042.545 1260.53631229213 481.067912115745
TobiiStream 587699054.5715 1255.4357163894 487.780803539236
TobiiStream 587699079.4938 1251.70127484928 493.663255677645
TobiiStream 587699087.5163 1285.47855041749 442.571360519217
TobiiStream 587699098.7944 1301.37529833075 417.94485204787
TobiiStream 587699111.2073 1303.45906978545 414.719584860888
TobiiStream 587699120.5271 1303.97777586962 409.798715279801
TobiiStream 587699131.513 1306.33667431285 406.582253688257
TobiiStream 587699142.6815 1223.24533918266 386.239720974881
TobiiStream 587699154.2804 1192.51456218717 384.416980403798
TobiiStream 587699165.2158 1143.09470095011 364.546378486593
TobiiStream 587699189.7427 1126.51411451446 350.942738142449
TobiiStream 587699198.9708 1126.46864821037 312.835836357422
TobiiStream 587699209.0932 1126.51760562404 311.08689901412
TobiiStream 587699221.453 1125.69996611737 307.597710041533
TobiiStream 587699232.2108 1127.87369998698 302.90954745939
TobiiStream 587699242.3802 1123.05561139424 313.91782602836
TobiiStream 587699268.4524 1124.84971240521 302.689529157765
TobiiStream 587699275.9412 1142.82151351689 319.40608094715
TobiiStream 587699287.5305 1155.01506044422 338.683763508443
TobiiStream 587699300.0918 1154.77910427575 342.101744364869
TobiiStream 587699309.0133 1149.71764901292 335.950826624607
TobiiStream 587699321.2161 1146.15430512659 331.556623232575
TobiiStream 587699347.5449 1146.37007135621 332.024305437002
TobiiStream 587699354.4404 1123.53223251478 356.046538851779
TobiiStream 587699365.469 1073.17040471327 391.61266270832
TobiiStream 587699378.1758 1057.60273918158 419.684997638697
TobiiStream 587699387.6872 1041.70048794945 435.587446533127
TobiiStream 587699398.5571 1044.52874324267 439.445387743017
TobiiStream 587699409.1217 1053.2405206682 434.352409892728
TobiiStream 587699420.9515 1061.59082413336 429.700819816583
TobiiStream 587699431.9384 1073.5557481355 449.683466707114
TobiiStream 587699442.0926 1039.78690849357 490.213154691856
TobiiStream 587699455.9784 980.683720573664 553.557258010058
TobiiStream 587699464.4913 1076.32575620953 442.119503519922
TobiiStream 587699475.5774 781.745421461787 928.170946782968
TobiiStream 587699502.5808 498.030769699141 1347.45351689032
TobiiStream 587699509.2178 441.66694675679 1410.22097732963
TobiiStream 587699520.3429 421.245857980277 1437.55308324202
TobiiStream 587699533.8356 413.664193095165 1456.36874445833
TobiiStream 587699542.5604 420.524615487513 1526.09093675696
TobiiStream 587699553.5744 418.536334491476 1536.40723885777
TobiiStream 587699580.1109 421.402763008907 1561.91980806757
TobiiStream 587699586.8296 426.03227343227 1571.20047567111
TobiiStream 587699598.0315 426.866631545026 1614.07681700285
TobiiStream 587699610.4507 429.579523095904 1611.33810749292
TobiiStream 587699620.2127 426.243745108649 1601.90519991179
TobiiStream 587699631.8651 427.074462587435 1597.23152809256
TobiiStream 587699657.2951 439.832349726746 1610.46130814337
TobiiStream 587699664.3593 454.357317747509 1596.60056305119
TobiiStream 587699675.5809 447.219108142438 1569.81911287589
TobiiStream 587699688.7051 442.365596437065 1550.58465587926
TobiiStream 587699697.8527 440.995802848401 1511.21433601615
TobiiStream 587699708.5999 437.464183192253 1497.79263551451
TobiiStream 587699720.4772 435.733430978696 1494.86016777693
TobiiStream 587699731.0112 431.319516947658 1489.99621871886
TobiiStream 587699741.6707 425.293562312276 1485.37026005869
TobiiStream 587699753.5677 421.306383194237 1483.31976599556
TobiiStream 587699767.603 420.685259005994 1489.08811441613
TobiiStream 587699775.7037 421.672522743832 1547.73517266452
TobiiStream 587699786.6726 448.025105832329 1606.35751626637
TobiiStream 587699798.7787 449.946800824352 1609.52144874761
TobiiStream 587699809.1616 438.486035454012 1602.75790425444
TobiiStream 587699819.9183 435.764923312478 1595.35958535357
TobiiStream 587699831.7021 432.667906258999 1584.41496953103
TobiiStream 587699845.7121 428.783235503507 1526.92201308065
TobiiStream 587699853.2179 437.610549490494 1556.65369671851
TobiiStream 587699864.3172 418.847422963025 1515.3564627017
TobiiStream 587699877.8177 420.338322849 1485.63063141624
TobiiStream 587699886.6926 420.579519679262 1485.27871168495
TobiiStream 587699898.2296 431.525802090456 1470.52698702903
TobiiStream 587699909.3158 432.384667300324 1467.86560695295
TobiiStream 587699919.9306 435.54572745504 1469.22278121919
TobiiStream 587699931.1185 442.778480774366 1477.3376591969
TobiiStream 587699942.4651 465.566545828367 1487.70235906749
TobiiStream 587699955.431 462.696069915713 1487.48346198303
TobiiStream 587699964.8601 469.779220845675 1494.17243681396
TobiiStream 587699975.9227 476.110729221774 1497.80230864237
TobiiStream 587699987.5013 478.213911761298 1498.63732728937
TobiiStream 587699998.1499 493.691746030433 1497.43841011469
TobiiStream 587700009.2389 513.063478116595 1500.20018765362
TobiiStream 587700019.8933 525.818737417503 1502.79909947428
TobiiStream 587700034.2629 512.847147638038 1500.91031676188
TobiiStream 587700042.4708 498.683378364621 1499.95706631095
TobiiStream 587700053.3311 496.416232945206 1500.83693756491
TobiiStream 587700065.5511 502.26084154685 1501.39855989348
TobiiStream 587700075.8657 505.801352678041 1509.75865316012
TobiiStream 587700086.436 516.379239184164 1516.43648777643
TobiiStream 587700112.995 545.880683748836 1527.51344769722
TobiiStream 587700113.0186 545.225102284446 1526.61944751746
TobiiStream 587700119.4395 536.109866387946 1522.9273494702
TobiiStream 587700130.8673 507.532949811759 1514.51085011541
TobiiStream 587700144.4816 513.771705976408 1511.74385485514
TobiiStream 587700153.1224 511.132591451049 1510.15225513664
TobiiStream 587700164.6986 508.097089398428 1517.31085631746
TobiiStream 587700175.8743 515.945806998946 1520.23774742545
TobiiStream 587700186.5319 520.700404745743 1551.0410178268
TobiiStream 587700197.4119 517.318044045431 1538.80148377767
TobiiStream 587700222.722 634.329550039899 1424.6748975263
TobiiStream 587700231.1779 1424.4029503042 932.989557733762
TobiiStream 587700241.3523 1509.03376674416 893.751164670953
TobiiStream 587700254.1318 1563.91454254499 834.142974054237
TobiiStream 587700264.4582 1603.0498488709 801.342627167216
TobiiStream 587700275.1166 1651.66225911147 761.209771399184
TobiiStream 587700301.4822 1697.24483052512 736.236148548784
TobiiStream 587700308.1942 1716.92058874845 747.02838373071
TobiiStream 587700320.2947 1723.31411265127 757.078179070946
TobiiStream 587700332.4594 1711.18159541336 749.972149867292
TobiiStream 587700341.9336 1708.55652927802 751.479330779427
TobiiStream 587700353.6938 1715.92370289224 763.604625800744
TobiiStream 587700379.0598 1717.80135196179 765.479636675928
TobiiStream 587700387.0022 1715.71507853381 762.295645000713
TobiiStream 587700397.7882 1714.59115699437 765.219164027283
TobiiStream 587700410.4272 1704.71359859787 764.56249510021
TobiiStream 587700420.1935 1663.71251273335 744.087095009952
TobiiStream 587700431.2429 1659.2973548214 745.742145526318
TobiiStream 587700441.4683 1655.67818098156 749.802235766029
TobiiStream 587700456.7368 1588.58526961216 764.982809051498
TobiiStream 587700464.83 1565.31550588456 770.924981039058
TobiiStream 587700475.2048 1583.90582567179 764.518091240724
TobiiStream 587700488.1215 1559.82614122479 755.524293608527
TobiiStream 587700497.2651 1537.89083213281 750.825336310957
TobiiStream 587700508.1693 1454.81211258071 730.794495681909
TobiiStream 587700534.1049 1436.50394474809 726.408065529991
TobiiStream 587700541.5493 1389.48567930992 716.685990968498
TobiiStream 587700553.7031 1342.5022838668 693.40933253695
TobiiStream 587700565.702 1354.73767047491 708.254316225793
TobiiStream 587700574.6692 1343.61754500419 693.042352310153
TobiiStream 587700586.5708 1349.50241371446 703.545766495417
TobiiStream 587700612.0589 1357.17177722444 716.165426643739
TobiiStream 587700620.0472 1356.19212029669 699.226603064739
TobiiStream 587700630.3894 1356.90629526288 696.99921798326
TobiiStream 587700642.5113 1357.35860564654 695.120007968067
TobiiStream 587700653.3924 1352.15476448625 687.939114994572
TobiiStream 587700663.7223 1342.56954941883 685.216904540208
TobiiStream 587700689.2905 1342.75697811516 686.885604514232
TobiiStream 587700697.0877 1335.33369696476 684.802355146524
TobiiStream 587700707.9839 1296.25541139232 689.14175933345
TobiiStream 587700720.4459 1303.82518727628 688.599062346855
TobiiStream 587700730.1287 1318.39073151276 694.361715728715
TobiiStream 587700741.3024 1334.88667374235 705.657890081083
TobiiStream 587700753.1395 1340.4037061544 702.76109090355
TobiiStream 587700767.511 1329.83367550862 701.776857428037
TobiiStream 587700774.3649 1317.30004585079 688.668681052924
TobiiStream 587700786.2771 1311.64874029643 689.436678163897
TobiiStream 587700933.0037 1436.32816298456 512.244017478163
TobiiStream 587700943.8244 1459.14706606228 603.83505031817
TobiiStream 587700971.1166 1460.18899885086 605.879694137305
TobiiStream 587700977.494 1464.58848806923 610.282922210042
TobiiStream 587700989.3888 1464.16702661518 608.48972158796
TobiiStream 587701002.0364 1463.02136869897 607.588276796841
TobiiStream 587701011.1292 1459.24816082106 618.264580497501
TobiiStream 587701022.1939 1457.76462085752 620.215970465411
TobiiStream 587701049.1007 1456.44229025515 622.428577054688
TobiiStream 587701055.6762 1455.74041595461 618.679046707235
TobiiStream 587701067.1955 1445.17292595302 622.700577748489
TobiiStream 587701080.1608 1448.78593315599 624.953603462227
TobiiStream 587701089.1976 1465.37392085949 627.195318932946
TobiiStream 587701099.906 1552.08383239463 635.506598478063
TobiiStream 587701111.4872 1562.33768066633 634.607307141981
TobiiStream 587701122.5619 1567.31783194815 636.260317131502
TobiiStream 587701133.6771 1593.08008461287 649.979516564227
TobiiStream 587701159.5269 1596.54636182171 651.250662157286
TobiiStream 587701166.9207 1600.61045948629 653.761851985583
TobiiStream 587701177.355 1601.24254975832 656.789134560472
TobiiStream 587701190.3044 1603.34099858509 667.592156476374
TobiiStream 587701200.3108 1603.17302646268 664.434431735407
TobiiStream 587701210.5474 1608.7996260695 670.879254265894
TobiiStream 587701236.7947 1610.69671053801 671.354291462707
TobiiStream 587701243.1699 1611.61024799667 674.832422422858
TobiiStream 587701255.6276 1614.03832313957 676.870985153751
TobiiStream 587701267.4507 1687.99064293857 643.298237951195
TobiiStream 587701276.3222 1703.86889798709 636.125867996768
TobiiStream 587701289.0683 1727.06096145289 623.38135819539
TobiiStream 587701314.3732 1760.52691026031 625.790125376569
TobiiStream 587701322.4362 1766.26278127658 624.485716349236
TobiiStream 587701333.79 1785.8065050704 597.203115015225
TobiiStream 587701345.3421 1776.38978446055 611.343931751659
TobiiStream 587701355.7293 1782.39677393354 612.85734786757
TobiiStream 587701366.8414 1774.83632523224 611.643380915343
TobiiStream 587701391.4924 1781.97293853619 613.753368794629
TobiiStream 587701400.0569 1778.44740328119 630.156159577959
TobiiStream 587701410.6797 1783.87213962047 623.455215943002
TobiiStream 587701422.7442 1778.03439978647 622.364177707521
TobiiStream 587701433.3061 1775.94143753157 622.516842176598
TobiiStream 587701444.0646 1773.84175938376 631.585412192889
TobiiStream 587701455.9568 1771.10954636885 643.529809495505
TobiiStream 587701469.8556 1774.26353197708 656.973033924493
TobiiStream 587701477.8219 1775.9155159876 656.442883103868
TobiiStream 587701489.0425 1777.26269728027 658.642744357809
TobiiStream 587701501.4433 1781.65922429672 664.522748842288
TobiiStream 587701510.5522 1798.180769361 670.179446567619
TobiiStream 587701522.4381 1799.84284716349 677.061756509753
TobiiStream 587701547.7105 1803.89524443318 680.273319529802
TobiiStream 587701555.6689 1799.03204625938 682.197888812554
TobiiStream 587701566.2188 1805.05462462479 676.152049613018
TobiiStream 587701579.0576 1802.32831915005 658.736804839541
TobiiStream 587701589.1763 1816.4746242327 696.942510610089
TobiiStream 587701600.0846 1818.90634616038 700.167833673193
TobiiStream 587701610.7307 1820.24260527218 702.774920716767
TobiiStream 587701628.5529 1821.25859248711 704.367895238892
TobiiStream 587701633.2674 1824.75815570115 710.057249661243
TobiiStream 587701657.7114 1827.25413303713 713.371809413766
TobiiStream 587701666.7327 1832.10467486304 741.946521336218
TobiiStream 587701676.8764 1838.51297924638 737.155692450808
TobiiStream 587701704.6848 1835.14023812064 735.466247783307
TobiiStream 587701710.7064 1822.50340764952 737.742508683941
TobiiStream 587701722.1187 1822.25532032881 737.933569419674
TobiiStream 587701736.1576 1824.36223790127 737.753593502148
TobiiStream 587701743.5059 1820.4513479634 738.334714779478
TobiiStream 587701755.587 1826.81347516433 737.199292643602
TobiiStream 587701767.3255 1825.68800697874 736.995914285513
TobiiStream 587701777.0673 1841.47352782163 721.487062644325
TobiiStream 587701788.4385 1813.42877015688 702.152543279942
TobiiStream 587701814.2022 1814.72050172136 709.296777247341
TobiiStream 587701821.6818 1414.93879957551 653.816013402589
TobiiStream 587701832.2755 1322.06652000997 649.08961646628
TobiiStream 587701845.88 1280.35456895491 646.575509206166
TobiiStream 587701854.9403 1261.32446973925 644.929867483553
TobiiStream 587701865.8383 1235.82978127533 642.976560854056
TobiiStream 587701877.5852 1234.77007357256 642.926479399885
TobiiStream 587701888.2115 1212.71250522716 642.118480096381
TobiiStream 587701898.5492 1204.5271005455 642.026443053895
TobiiStream 587701924.4468 1198.16843971303 630.562942471295
TobiiStream 587701931.5013 1194.94215532516 631.539345146046
TobiiStream 587701943.145 1194.67860061857 624.947005730629
TobiiStream 587701954.741 1193.30692167531 622.57054955561
TobiiStream 587701970.325 1192.65300730761 621.050068863556
TobiiStream 587701976.937 1187.51517525607 618.981520030497
TobiiStream 587701988.3055 1178.25719235538 615.911438175284
TobiiStream 587702001.0823 1172.78005270902 611.774144277681
TobiiStream 587702010.447 1170.03714278236 613.400134085023
TobiiStream 587702021.8185 1169.61232029272 616.016341380955
TobiiStream 587702031.7766 1169.62724146091 616.428014171088
TobiiStream 587702046.9436 1174.92411027653 617.830750743437
TobiiStream 587702054.8091 1183.95258592341 596.440790493142
TobiiStream 587702065.4222 1180.02992108382 603.431117101295
TobiiStream 587702077.7817 1182.56535326719 601.160031003808
TobiiStream 587702088.1585 1181.51752270402 602.885422827644
TobiiStream 587702098.6671 1167.67728242721 605.218899402521
TobiiStream 587702124.8568 1171.96067427806 595.895100023357
TobiiStream 587702132.8206 1181.53688758045 585.39715459797
TobiiStream 587702143.2393 1187.23446782351 599.285539822289
TobiiStream 587702155.8537 1193.30271783471 607.87107114982
TobiiStream 587702165.1227 1192.1672147775 604.203685913775
TobiiStream 587702175.4002 1178.24600773088 577.374880259627
TobiiStream 587702186.7842 1178.60513577095 575.94290294611
TobiiStream 587702197.0691 1179.05287625685 572.464774328588
TobiiStream 587702208.6653 1178.03286825459 571.09548264594
TobiiStream 587702220.0775 1177.33888580655 569.924854446888
TobiiStream 587702233.7341 1183.36009689797 568.856663124632
TobiiStream 587702243.5951 1195.98928264042 552.759236951064
TobiiStream 587702254.8632 1282.59436998113 599.547337891255
TobiiStream 587702280.7114 1298.00320281243 602.02031403484
TobiiStream 587702289.1477 1314.99388684216 605.969928687006
TobiiStream 587702299.3506 1336.696610269 597.937018570953
TobiiStream 587702311.2888 1344.71629113472 595.928774275021
TobiiStream 587702321.6676 1350.88839231585 593.534516552796
TobiiStream 587702332.6226 1386.8152885038 575.516539112664
TobiiStream 587702357.5479 1391.00483853048 581.266482537559
TobiiStream 587702365.527 1399.39623126977 559.599258730619
TobiiStream 587702376.503 1377.68751406868 563.82295659271
TobiiStream 587702388.4318 1368.31547239531 588.793018689792
TobiiStream 587702399.5079 1336.16045579841 650.678903424341
TobiiStream 587702410.3057 1317.79953200723 662.674376891735
TobiiStream 587702436.12 1296.57452616373 668.490432834623
TobiiStream 587702443.5707 1312.30332751228 674.987826003679
TobiiStream 587702455.1775 1315.72409156422 683.380055422813
TobiiStream 587702466.9984 1315.28158737996 700.773454520747
TobiiStream 587702476.9084 1308.99846193232 702.474042761223
TobiiStream 587702488.2438 1314.8892947738 694.598428681445
TobiiStream 587702514.5013 1325.78968894823 712.777543254025
TobiiStream 587702521.407 1354.93256292387 748.898220005614
TobiiStream 587702532.6348 1359.30674821477 752.854600489442
TobiiStream 587702545.0841 1352.12283719056 749.088066196132
TobiiStream 587702555.2025 1350.9592411075 748.811465992172
TobiiStream 587702565.9402 1346.24265807986 746.975961959766
TobiiStream 587702591.5483 1344.7199490552 747.070363569505
TobiiStream 587702599.412 1296.29681741175 753.149271410524
TobiiStream 587702609.8069 1266.78809082263 767.74718383454
TobiiStream 587702622.5286 1284.99510590495 766.546872792486
TobiiStream 587702632.7481 1289.14028078446 767.629173771522
TobiiStream 587702643.0091 1292.24990194918 768.294502526064
TobiiStream 587702670.1677 1296.4845089224 768.324238044198
TobiiStream 587702676.23 1295.92947311284 790.179148597412
TobiiStream 587702688.0908 1298.3298868445 792.467073546714
TobiiStream 587702700.7055 1280.12021886745 791.14606180491
TobiiStream 587702710.0691 1272.05605678497 789.258008630003
TobiiStream 587702721.167 1273.52397374087 789.538644331034
TobiiStream 587702732.4103 1283.03571292926 789.049081692037
TobiiStream 587702742.7397 1296.850462719 751.281046588065
TobiiStream 587702754.784 1285.3914391791 767.158139696845
TobiiStream 587702765.2939 1258.08796815097 779.272533433925
TobiiStream 587702779.1342 1256.01233022009 780.145796421339
TobiiStream 587702788.08 1262.1651682228 772.129091280131
TobiiStream 587702799.161 1255.15699792558 730.028852342223
TobiiStream 587702810.7454 1205.58786009678 697.228227274671
TobiiStream 587702820.7878 1196.13338853559 654.249996706039
TobiiStream 587702831.7563 1184.71792470785 651.762814629431
TobiiStream 587702857.6681 1120.20019164858 655.08535628661
TobiiStream 587702864.7987 1076.16549646536 635.899824415067
TobiiStream 587702876.1578 1012.10162365906 632.739190151689
TobiiStream 587702889.1979 960.52542985157 629.007142296558
TobiiStream 587702897.7779 808.94068272146 659.507636795502
TobiiStream 587702909.3987 690.446528208294 726.535289795282
TobiiStream 587702935.498 596.081553458274 792.177108197972
TobiiStream 587702942.6116 631.86601248486 833.923738947227
TobiiStream 587702954.1726 641.754556120611 846.726157995936
TobiiStream 587702966.5789 653.243133165141 861.134258855714
TobiiStream 587702976.1777 688.951204748218 874.572342596874
TobiiStream 587702987.1661 693.095508649714 879.255325614759
TobiiStream 587702997.7464 688.851776088448 885.375443073278
TobiiStream 587703008.1726 700.135219620202 882.306861551265
TobiiStream 587703020.6955 699.499157575522 881.658026039622
TobiiStream 587703045.7575 699.515115370942 880.974677871467
TobiiStream 587703053.9059 689.097573808118 887.141892776579
TobiiStream 587703077.0206 688.042334346774 887.767500127418
TobiiStream 587703085.6992 672.415204628706 896.918231064092
TobiiStream 587703096.2548 684.837250426711 907.204126521285
TobiiStream 587703107.9418 701.193178901262 917.736660229946
TobiiStream 587703154.0454 738.821909989764 1007.56739859627
TobiiStream 587703164.4315 745.780592302494 997.590940152225
TobiiStream 587703176.0671 640.611909850152 818.809905546297
TobiiStream 587703187.6772 595.183926892997 756.59595168658
TobiiStream 587703201.4514 576.810668306213 731.864943219156
TobiiStream 587703209.1508 567.57529194893 717.997184490234
TobiiStream 587703220.5491 547.793310512822 690.692918690954
TobiiStream 587703233.0834 537.371434979567 684.780817233697
TobiiStream 587703241.7138 535.213449899885 680.134297098938
TobiiStream 587703253.7909 505.539655268512 613.150697056283
TobiiStream 587703265.0937 490.855522729715 582.751994836889
TobiiStream 587703275.3679 462.071709576374 524.502105300564
TobiiStream 587703286.9244 462.407963075117 549.694712248769
TobiiStream 587703297.8445 465.219977565362 573.138935950876
TobiiStream 587703311.2615 466.555132675572 585.925784314471
TobiiStream 587703320.6262 480.203339253407 600.697320849309
TobiiStream 587703331.442 483.228157939733 607.549720530902
TobiiStream 587703342.2302 531.780540952534 608.36925208114
TobiiStream 587703353.6694 534.370938930734 609.092673375719
TobiiStream 587703363.7327 504.041256803011 546.610679412313
TobiiStream 587703389.3383 486.834522630887 509.014090972538
TobiiStream 587703398.1637 499.820628375882 515.954215327124
TobiiStream 587703408.2575 499.983187677002 504.689179819427
TobiiStream 587703435.0063 504.017626782456 498.937741247661
TobiiStream 587703441.9306 576.99199051312 338.719444479824
TobiiStream 587703453.3709 698.689863682548 252.926467323669
TobiiStream 587703466.4912 776.791517985361 258.020895403863
TobiiStream 587703475.5384 917.276815418692 226.609427767905
TobiiStream 587703487.2381 1149.06711933109 299.884407296023
TobiiStream 587703512.3541 1189.43506093266 279.429915343425
TobiiStream 587703520.7736 1269.79089758035 301.327496902828
TobiiStream 587703531.9064 1307.83623060333 302.322402959083
TobiiStream 587703543.489 1310.61206364514 303.609234931889
TobiiStream 587703553.6623 1329.27513589412 270.530459188213
TobiiStream 587703565.1644 1340.90817705965 272.037114661811
TobiiStream 587703589.8806 1343.65395038368 271.871881292106
TobiiStream 587703598.5497 1343.35803806206 266.937741741841
TobiiStream 587703608.7957 1343.74090215193 263.58139471317
TobiiStream 587703621.4756 1352.56678042124 240.391983252028
TobiiStream 587703631.614 1340.38469693495 228.472321671199
TobiiStream 587703642.2038 1339.54520508776 226.566893414474
TobiiStream 587703669.3639 1339.00893905064 231.615963198463
TobiiStream 587703675.5065 1318.28967229685 243.750794038737
TobiiStream 587703686.8473 1316.73364266665 243.55817716667
TobiiStream 587703700.2599 1313.18458978586 240.805475507745
TobiiStream 587703708.8205 1311.11354571191 239.104829010673
TobiiStream 587703720.042 1286.3614646369 231.114499552757
TobiiStream 587703746.3556 1278.65302223082 227.637930272445
TobiiStream 587703753.4529 1276.79058053716 227.986917448166
TobiiStream 587703764.6036 1279.50746125147 229.460644297203
TobiiStream 587703777.5298 1280.46728671587 225.946373047206
TobiiStream 587703787.2042 1279.95862182164 223.889139290087
TobiiStream 587703798.4177 1377.08668935981 287.42051206179
TobiiStream 587703824.1312 1760.46638075443 476.360015614449
TobiiStream 587703831.2436 2023.7089617495 527.870747227879
TobiiStream 587703842.1871 2063.87217101553 530.260788830633
TobiiStream 587703855.115 2131.11192288466 532.907292319906
TobiiStream 587703864.6976 2178.645091754 536.226861314355
TobiiStream 587703876.1068 2163.85387173305 536.460710070858
TobiiStream 587703902.4663 2319.46644984502 536.251279245928
TobiiStream 587703908.3972 2679.56895861303 531.831525268113
TobiiStream 587703920.6009 2664.76966379343 528.118724779837
TobiiStream 587703933.4447 2675.75189804779 530.123435085012
TobiiStream 587703941.9992 2674.23708979503 529.752341981825
TobiiStream 587703954.0306 2678.98405842719 532.09919804017
TobiiStream 587703965.5908 2670.17469498215 532.772556258339
TobiiStream 587703975.107 2669.54697239688 535.055678929927
TobiiStream 587703987.3825 2664.6243539737 536.519862315195
TobiiStream 587704012.4426 2840.90435722826 608.848075862801
TobiiStream 587704020.6109 2933.02666196509 639.234911607144
TobiiStream 587704031.1176 2944.85379535805 641.423808521019
TobiiStream 587704043.9014 2953.79381728845 643.668027866685
TobiiStream 587704053.4823 3024.94959380993 673.657795977487
TobiiStream 587704064.4723 3037.88547586387 675.549170922853
TobiiStream 587704075.4061 3031.58807160907 671.573418880862
TobiiStream 587704090.7062 3021.33474032584 662.65498406475
TobiiStream 587704097.9052 3021.16785235402 661.185317859997
TobiiStream 587704122.5737 3017.42629135248 666.790143981368
TobiiStream 587704131.1074 2989.93378948661 660.819934877076
TobiiStream 587704142.1557 2946.09927721892 647.58464978608
TobiiStream 587704169.7687 2900.51958394304 636.50209062702
TobiiStream 587704175.4851 2841.24557614078 641.478453963118
TobiiStream 587704187.29 2828.60532436802 656.630563082614
TobiiStream 587704200.4763 2825.58291851784 659.435593558001
TobiiStream 587704209.0303 2832.23200531437 664.850718960432
TobiiStream 587704220.785 2846.41029231328 665.438500825558
TobiiStream 587704231.401 2845.64795473821 671.033820592244
TobiiStream 587704242.3561 2844.04336395297 668.301204122356
TobiiStream 587704253.8553 2832.98738859169 683.886024199211
TobiiStream 587704263.6735 2833.61712186447 680.412199215594
TobiiStream 587704277.8777 2833.37485096027 680.366180558584
TobiiStream 587704287.2105 2826.81264472305 678.791120535081
TobiiStream 587704297.6208 2822.06895764111 677.342231503966
TobiiStream 587704309.4322 2791.77028144977 663.859563652227
TobiiStream 587704320.64 2778.4588381889 659.269008793587
TobiiStream 587704330.6351 2779.92074387969 660.353704187763
TobiiStream 587704356.859 2779.32245455063 661.482230185183
TobiiStream 587704364.1354 2783.73567193481 646.7838435525
TobiiStream 587704375.4636 2801.07148412007 665.202042409131
TobiiStream 587704388.4804 2804.10686259241 667.508617077467
TobiiStream 587704397.3625 2804.19930752253 668.706420818862
TobiiStream 587704408.7836 2791.97559015758 642.405952893986
TobiiStream 587704435.9176 2791.32648397225 654.757469376518
TobiiStream 587704442.1852 2791.41306147832 666.784296386688
TobiiStream 587704453.8242 2785.04203807268 674.417514999707
TobiiStream 587704467.0332 2786.86623831623 676.086148331085
TobiiStream 587704474.9195 2782.15075226463 683.086616537079
TobiiStream 587704486.9076 2782.06730358177 682.770586601712
TobiiStream 587704513.2407 2775.17623471315 682.264497738937
TobiiStream 587704520.1128 2754.95538943168 700.187576301533
TobiiStream 587704545.3049 2785.0228976577 721.436539890132
TobiiStream 587704553.4764 2842.41209376034 743.520058498542
TobiiStream 587704564.1498 2848.43151728455 744.877209173283
TobiiStream 587704576.4748 2862.41950038228 752.633810359933
TobiiStream 587704587.0333 2903.62693627236 750.519880943829
TobiiStream 587704597.4085 2900.68937193049 728.373626491826
TobiiStream 587704608.4692 2917.65238770973 704.446630614489
TobiiStream 587704627.3708 2913.71286412923 728.205381421584
TobiiStream 587704630.6823 2953.85174668725 714.960264859172
TobiiStream 587704655.8705 2956.79181807428 714.651014120135
TobiiStream 587704663.7725 2968.56314742667 653.001986298634
TobiiStream 587704674.871 2968.60477355509 575.14232273426
TobiiStream 587704686.8426 2920.86769132612 272.967947304118
TobiiStream 587704696.5397 2880.29292299438 288.047297608727
TobiiStream 587704719.8442 2494.3865774856 378.305604873262
TobiiStream 587704733.0257 2173.23872018047 390.007297753504
TobiiStream 587704741.0678 1926.05664567248 405.837304771284
TobiiStream 587704752.8877 1705.39347323547 373.650009770565
TobiiStream 587704764.4118 1550.99733388842 381.312467504953
TobiiStream 587704774.8893 1062.79787802082 425.150174504458
TobiiStream 587704786.2563 1050.79505278469 410.854494290213
TobiiStream 587704797.2727 1027.5125978084 399.093403342873
TobiiStream 587704810.9119 1020.19445177611 428.730756660522
TobiiStream 587704819.9128 1025.74926619041 423.625271802569
TobiiStream 587704831.0396 1045.17646186069 409.631381335144
TobiiStream 587704841.7216 1046.65021330979 408.742561846851
TobiiStream 587704853.1386 1062.29419776945 394.697186646763
TobiiStream 587704864.4076 1059.68297497601 386.276505258628
TobiiStream 587704874.7726 1059.6309856343 386.047558812622
TobiiStream 587704888.6641 1059.69500535009 386.294679816049
TobiiStream 587704897.7772 1066.00816440793 392.347004081101
TobiiStream 587704907.958 1068.43706546186 394.177118590042
TobiiStream 587704920.1334 1066.80833189707 401.087655335178
TobiiStream 587704931.0284 1067.83146780429 406.174470618345
TobiiStream 587704941.0278 1072.94935974763 410.330295580971
TobiiStream 587704967.7348 1071.34310440842 427.962636139896
TobiiStream 587704974.0138 1159.73562634999 442.067256014582
TobiiStream 587704986.3611 1173.68726575536 444.907748831818
TobiiStream 587704999.2601 1203.4907932979 455.162042246293
TobiiStream 587705007.1842 1210.31236361727 456.945377461179
TobiiStream 587705019.4631 1288.70769659321 477.099079009
TobiiStream 587705045.7329 1301.2117981607 495.39764106353
TobiiStream 587705053.1378 1300.23745599515 477.321091093629
TobiiStream 587705064.2567 1329.22968984024 479.396157642097
TobiiStream 587705076.7238 1332.34528388862 478.305448037317
TobiiStream 587705086.3529 1338.09051161769 475.178884988372
TobiiStream 587705097.6287 1343.52428840914 475.565525117324
TobiiStream 587705123.396 1345.92745262544 488.659238377473
TobiiStream 587705130.742 1362.12202179207 493.328896366359
TobiiStream 587705155.0972 1384.37659033681 531.528938338248
TobiiStream 587705164.1894 1381.74222985934 540.672905383662
TobiiStream 587705174.8345 1382.01222623867 544.777111209408
TobiiStream 587705201.8201 1383.62842350185 547.94973603326
TobiiStream 587705207.6983 1392.6828167129 557.067820316116
TobiiStream 587705219.6088 1413.50459390785 562.835000870406
TobiiStream 587705233.0011 1436.49142738466 564.397441677827
TobiiStream 587705241.4723 1325.75738808824 551.452810307492
TobiiStream 587705252.9679 1304.59252070711 547.281096598972
TobiiStream 587705280.0079 1279.0914862396 544.998336914695
TobiiStream 587705286.1687 1201.56109568763 565.434063250601
TobiiStream 587705310.4247 1189.95998740619 575.527466260081
TobiiStream 587705319.3899 1153.69681140845 720.05804955448
TobiiStream 587705330.725 1159.63613014985 655.673255234783
TobiiStream 587705342.5294 1155.26108559408 656.932541093897
TobiiStream 587705352.7717 1141.45734824568 697.873891821648
TobiiStream 587705363.8467 1151.95321453357 681.913224632344
TobiiStream 587705390.5406 1160.76714289869 670.729819601249
TobiiStream 587705397.3931 1165.03234816289 663.663447793912
TobiiStream 587705408.3801 1179.83480963508 633.327646506953
TobiiStream 587705421.4067 1183.06709916191 626.091448351514
TobiiStream 587705430.3489 1185.37009460839 618.965910493156
TobiiStream 587705441.536 1182.01622698709 596.57006144127
TobiiStream 587705468.3987 1181.2637666075 601.55391555701
TobiiStream 587705474.6302 1175.55922631144 587.710704618559
TobiiStream 587705486.1151 1174.76986081486 580.848477995164
TobiiStream 587705499.8174 1173.75920417327 573.349893749798
TobiiStream 587705507.453 1174.27200560564 572.488459918254
TobiiStream 587705519.5226 1177.95950450036 565.223027240802
TobiiStream 587705531.0915 1181.74042091113 546.51638312368
TobiiStream 587705540.7507 1180.17093208987 553.692232075569
TobiiStream 587705552.7756 1180.97633890859 547.90060823546
TobiiStream 587705563.3866 1174.39162592492 553.302708009411
TobiiStream 587705576.3954 1161.80944556248 577.53269194167
TobiiStream 587705585.9832 1160.2590897264 580.913079046713
TobiiStream 587705596.5938 1156.68419501334 589.396835420556
TobiiStream 587705623.2202 1151.78918403763 598.070451241166
TobiiStream 587705629.8406 1144.79002292378 612.073489030021
TobiiStream 587705655.2006 1145.21450452418 618.0928924097
TobiiStream 587705663.2635 1158.36675672669 632.898654256594
TobiiStream 587705674.0844 1153.81773474783 634.163358305159
TobiiStream 587705686.7998 1155.90586355576 634.646612320246
TobiiStream 587705696.2452 1162.13777712602 637.775919865767
TobiiStream 587705707.7403 1167.63587650769 636.97629696948
TobiiStream 587705733.2245 1156.90323601586 632.985487717989
TobiiStream 587705740.7312 1150.47909020259 630.621716917816
TobiiStream 587705752.4902 1153.43711111065 631.328154493517
TobiiStream 587705764.9164 1151.856357588 632.3506732818
TobiiStream 587705774.38 1148.33969241527 630.369963516071
TobiiStream 587705785.9771 1135.36714217813 621.669011398995
TobiiStream 587705811.8215 1102.65495228747 601.377512434988
TobiiStream 587705819.2024 1101.61741367817 601.126983839984
TobiiStream 587705829.5108 1111.8175884388 605.048484693935
TobiiStream 587705842.8082 1112.89111800057 605.814706414242
TobiiStream 587705852.188 1154.50075610566 618.721499165082
TobiiStream 587705863.2669 1175.61259368128 621.293784174362
TobiiStream 587705889.7671 1204.00654490229 614.234053209849
TobiiStream 587705896.7893 1241.51687021268 597.298186761092
TobiiStream 587705907.634 1250.40842296538 594.530297485172
TobiiStream 587705920.1301 1275.25199494014 585.531938885086
TobiiStream 587705930.1803 1336.01952924012 564.615099318018
TobiiStream 587705940.4814 1351.56080568212 545.603259944475
